132 0.04763379561169609 0.8859424066243399 0.09882768287108584 0.023809523809523808
141 0.04626055721889005 0.9349647266313933 0.06703108139586701 0.02336860670194003
119 0.07073889306896863 0.8328118951604949 0.13015962137023718 0.028659611992945325
77 0.08315217391304348 0.5381393298059964 0.1423913043478261 0.03571428571428571
116 0.041304347826086954 0.7821869488536155 0.05 0.023809523809523808
61 0.0671195652173913 0.4470899470899471 0.09510869565217392 0.021164021164021163
100 0.07038043478260869 0.685405643738977 0.10163043478260869 0.03218694885361552
108 0.05570652173913043 0.7361111111111112 0.06902173913043479 0.029541446208112873
84 0.06032608695652174 0.5945767195767195 0.07608695652173914 0.02601410934744268
68 0.08043478260869565 0.4947089947089947 0.11413043478260869 0.024691358024691357
92 0.06657608695652174 0.6395502645502645 0.07989130434782608 0.01895943562610229
23 0.08043478260869565 0.20590828924162258 0.09782608695652174 0.02204585537918871
49 0.08152173913043478 0.3505291005291005 0.1 0.03968253968253968
53 0.08967391304347826 0.40652557319223986 0.11521739130434783 0.026455026455026454
31 0.07608695652173914 0.24933862433862433 0.08369565217391305 0.02072310405643739
40 0.09592391304347826 0.30335097001763667 0.11902173913043479 0.037037037037037035
0 0.10570652173913046 0.05362029267372551 0.128804347826087 0.047984232928707016
16 0.09456521739130434 0.15630511463844798 0.0967391304347826 0.02601410934744268
8 0.11114130434782608 0.111331569664903 0.12119565217391304 0.022486772486772486
117 0.15842391304347825 0.7746913580246914 0.16576086956521738 0.023809523809523808
109 0.14565217391304347 0.7288359788359788 0.08478260869565217 0.03439153439153439
133 0.14924726386356735 0.8826355283174614 0.10672541764306981 0.04408097304884151
93 0.18994565217391304 0.6375661375661376 0.1233695652173913 0.023809523809523808
62 0.18125 0.4459876543209876 0.09184782608695653 0.03043250239778128
101 0.17880434782608695 0.6843033509700176 0.08260869565217391 0.030864197530864196
32 0.1815217391304348 0.2533068783068783 0.075 0.01984126984126984
69 0.18641304347826088 0.49184303350970016 0.08152173913043478 0.021604938271604937
125 0.23369565217391305 0.82826278659612 0.15978260869565217 0.050705467372134036
24 0.1858695652173913 0.20767195767195767 0.06304347826086956 0.021164021164021163
17 0.22880434782608697 0.15674603174603174 0.14456521739130435 0.02601410934744268
54 0.2328804347826087 0.40233686067019403 0.1342391304347826 0.023368606701940034
78 0.21053776862219023 0.5384297571040569 0.09728348848914352 0.024250440917107582
41 0.2184782608695652 0.2916666666666667 0.08478260869565217 0.034832451499118164
9 0.22445652173913044 0.11067019400352733 0.07065217391304347 0.02204585537918871
50 0.20175539729235203 0.3556907206525544 0.1012879790316421 0.044843049657399894
1 0.23722826086956522 0.05246913580246913 0.07119565217391305 0.03262786596119929
110 0.23763465767016476 0.7229430143068806 0.06304347826086958 0.045512236614286355
85 0.2619565217391304 0.5873015873015873 0.0967391304347826 0.020282186948853614
134 0.2578804347826087 0.8809523809523809 0.07554347826086956 0.023809523809523808
102 0.25027173913043477 0.6735008818342152 0.03315217391304348 0.03218694885361552
63 0.2828804347826087 0.4514991181657848 0.09619565217391304 0.036155202821869487
33 0.31657608695652173 0.2515432098765432 0.14945652173913043 0.04717813051146384
70 0.2888586956521739 0.49074074074074076 0.08858695652173913 0.019400352733686066
25 0.3140946152188959 0.20126810729100705 0.13493978972485174 0.04207037480066623
94 0.3076086956521739 0.6338183421516755 0.09021739130434783 0.01984126984126984
51 0.2967391304347826 0.3531746031746032 0.06086956521739131 0.02204585537918871
118 0.3029891304347826 0.7740299823633157 0.06358695652173912 0.022486772486772486
79 0.31023694401049157 0.5376984126984127 0.0712356732653603 0.025132275132275127
103 0.32581521739130437 0.6812169312169312 0.10380434782608695 0.025573192239858905
42 0.3219556596806619 0.3011358321587319 0.08655003259004566 0.029982363315696647
10 0.3373726137001514 0.10765374299470959 0.12097926952735404 0.02072310405643739
2 0.32045988256821795 0.0629006565749565 0.08143410102266899 0.036273524224769836
111 0.3697890180074997 0.7265508722328053 0.11528431180348588 0.03506068736622571
135 0.3760869565217391 0.8747795414462081 0.13804347826086957 0.031746031746031744
55 0.35896739130434785 0.39792768959435626 0.07880434782608696 0.026895943562610228
86 0.36195652173913045 0.5798059964726632 0.07934782608695652 0.02821869488536155
18 0.37717391304347825 0.15850970017636684 0.10108695652173913 0.026895943562610228
126 0.3826086956521739 0.822310405643739 0.1108695652173913 0.030864197530864196
52 0.3839673913043478 0.3531746031746032 0.0766304347826087 0.02292768959435626
71 0.39891304347826084 0.4845679012345679 0.07934782608695652 0.026455026455026454
119 0.4277173913043478 0.7766754850088183 0.12608695652173912 0.027777777777777776
95 0.4116847826086957 0.6263227513227513 0.07336956521739131 0.045414462081128745
43 0.42445652173913045 0.302689594356261 0.08043478260869565 0.03747795414462081
3 0.46822833585007867 0.05357142857142857 0.1264442330725721 0.028659611992945325
104 0.44755434782608694 0.6785714285714286 0.10163043478260869 0.023809523809523808
26 0.4467391304347826 0.20656966490299825 0.06521739130434782 0.01895943562610229
34 0.4534003748155929 0.2520540957283956 0.07448532563555287 0.024691358024691357
87 0.4603260869565217 0.582010582010582 0.06739130434782609 0.04585537918871252
11 0.4673167041424279 0.1069329509100511 0.10271739130434786 0.03835978835978836
19 0.47608695652173916 0.15167548500881833 0.07391304347826087 0.029982363315696647
81 0.45516304347826086 0.5341710758377425 0.028804347826086957 0.02072310405643739
136 0.5005434782608695 0.876984126984127 0.07934782608695652 0.04056437389770723
72 0.5152173913043478 0.4852292768959436 0.10652173913043478 0.01984126984126984
96 0.5040760869565217 0.6267636684303352 0.08423913043478261 0.022486772486772486
127 0.522554347826087 0.8185626102292769 0.10706521739130435 0.03659611992945326
44 0.5160326086956522 0.30357142857142855 0.07880434782608696 0.023368606701940034
35 0.5510869565217391 0.24845679012345678 0.09891304347826087 0.03571428571428571
120 0.5578804347826087 0.767636684303351 0.10380434782608695 0.042328042328042326
57 0.5570652173913043 0.39814814814814814 0.0967391304347826 0.02292768959435626
88 0.5505434782608696 0.576058201058201 0.07717391304347826 0.03130511463844797
112 0.5385699899910019 0.7241258281410944 0.15292396594951374 0.030864197530864196
105 0.5652173913043478 0.6768077601410935 0.09891304347826087 0.02821869488536155
65 0.595108695652174 0.443342151675485 0.13695652173913042 0.02513227513227513
27 0.5478812968410773 0.1984126984126984 0.09403226193314579 0.037037037037037035
12 0.6040760869565217 0.10736331569664903 0.10597826086956522 0.041005291005291
97 0.6070652173913044 0.6214726631393298 0.07717391304347826 0.034832451499118164
45 0.6345108695652174 0.29894179894179895 0.12771739130434784 0.04585537918871252
4 0.6184782608695653 0.062169312169312166 0.09130434782608696 0.026455026455026454
28 0.6483695652173913 0.20083774250440917 0.10217391304347827 0.033950617283950615
43 0.6377717391304348 0.5745149911816578 0.07771739130434782 0.03439153439153439
20 0.5990234632473722 0.1537401330581998 0.1310829124226227 0.03891713116749519
82 0.6834239130434783 0.5295414462081128 0.14402173913043478 0.029982363315696647
128 0.658695652173913 0.8264991181657848 0.09347826086956522 0.023368606701940034
73 0.6546195652173913 0.4808201058201058 0.08206521739130435 0.0427689594356261
36 0.6596479510254877 0.24799476837390125 0.08369565217391307 0.043427120707398355
137 0.6434782608695652 0.8699294532627866 0.05 0.03262786596119929
121 0.6679347826086957 0.7760141093474426 0.09456521739130434 0.027336860670194002
58 0.6755434782608696 0.39175485008818345 0.10760869565217392 0.040123456790123455
113 0.6624399425352339 0.7281746031746031 0.0744526720470829 0.033950617283950615
106 0.7040979010674704 0.6726890163633165 0.14001613520706113 0.02824154254414905
98 0.7138586956521739 0.6205908289241623 0.09619565217391304 0.03042328042328042
5 0.7214673913043478 0.06106701940035273 0.10163043478260869 0.021604938271604937
13 0.7178049725187419 0.11250383117813115 0.08804328963657848 0.024250440917107582
66 0.7502717391304348 0.43783068783068785 0.13532608695652174 0.023809523809523808
138 0.7097826086956521 0.8743386243386243 0.05217391304347826 0.01763668430335097
90 0.7345108695652175 0.5749559082892415 0.06902173913043479 0.03771882896759671
21 0.7752717391304348 0.1510141093474427 0.13206521739130433 0.0445326278659612
57 0.7427376436836596 0.47823401959788586 0.09387813966679233 0.030064826936505574
29 0.7698369565217391 0.2138447971781305 0.11032608695652174 0.03262786596119929
37 0.7638586956521739 0.2585978835978836 0.09402173913043478 0.024250440917107582
42 0.7584360319940049 0.7245667452486781 0.09044584179629168 0.031746031746031744
46 0.7576086956521739 0.3011463844797178 0.06739130434782609 0.03880070546737213
129 0.7589673913043479 0.8174603174603174 0.07010869565217391 0.037037037037037035
123 0.7953804347826087 0.7680776014109347 0.12228260869565218 0.042328042328042326
59 0.8106050974572727 0.3896202332945332 0.1268640760412212 0.050264550264550255
139 0.7978260869565217 0.8794091710758377 0.08586956521739131 0.02072310405643739
83 0.8654891304347827 0.5151416714673716 0.19076086956521743 0.036155202821869487
91 0.8165760869565217 0.568342151675485 0.08423913043478261 0.030864197530864196
99 0.8502717391304347 0.6223544973544973 0.14619565217391303 0.022486772486772486
14 0.8214673913043479 0.11419753086419752 0.08423913043478261 0.02292768959435626
6 0.8388586956521739 0.06106701940035273 0.11684782608695653 0.02513227513227513
47 0.846195652173913 0.3031305114638448 0.08260869565217391 0.03130511463844797
107 0.8510869565217392 0.671957671957672 0.09239130434782608 0.025573192239858905
38 0.8627717391304348 0.2537477954144621 0.08097826086956522 0.021604938271604937
67 0.8720878935607215 0.4356960710370376 0.09156335332287897 0.025132275132275127
30 0.8826086956521739 0.2054673721340388 0.09347826086956522 0.019400352733686066
140 0.8883152173913044 0.8835978835978836 0.08967391304347826 0.02821869488536155
22 0.8948369565217391 0.1505731922398589 0.09184782608695652 0.03659611992945326
123 0.9051630434782608 0.7663139329805997 0.07880434782608696 0.03968253968253968
15 0.9396739130434782 0.111331569664903 0.12065217391304348 0.02601410934744268
131 0.9453804347826087 0.8271604938271605 0.09510869565217392 0.024691358024691357
60 0.9432065217391304 0.39109347442680775 0.07336956521739131 0.030864197530864196
48 0.9472826086956522 0.30158730158730157 0.07608695652173914 0.036155202821869487
60 0.9524456521739131 0.4748677248677249 0.07010869565217391 0.021164021164021163
7 0.9516304347826087 0.05952380952380952 0.05543478260869565 0.025573192239858905
56 0.4610883790289619 0.39130582516238055 0.08564872567916884 0.042723992835961455
64 0.4325388038025722 0.4413960236597146 0.12847308851875328 0.048616957365059534
75 0.8577235491384462 0.47675381083430335 0.07953095955922823 0.027991581513216054
115 0.9087049334712848 0.7205752182257383 0.15702266374514295 0.04125075170368679
130 0.8592529906684313 0.8266485797495046 0.06015803351274949 0.04714371623278495
80 0.3856359302163607 0.53421021499301 0.07749170418591471 0.02504509924866706
