123 0.05176526717557252 0.7230697384806973 0.07681297709923664 0.01774595267745953
130 0.05534351145038168 0.7679016189290162 0.07919847328244274 0.022727272727272728
116 0.05271946564885496 0.6783935242839353 0.05677480916030534 0.014943960149439602
103 0.08674453396319617 0.5980094053584936 0.10954774047392984 0.032447409312010025
110 0.05510496183206107 0.6402552926525529 0.055820610687022904 0.016500622665006227
139 0.0737118320610687 0.8142901618929016 0.09303435114503816 0.021481942714819426
85 0.0859526468395894 0.5162704623212813 0.10879179899889493 0.019302615193026153
12 0.09446564885496184 0.13589663760896636 0.12404580152671756 0.02708592777085928
69 0.06345419847328244 0.451120797011208 0.061068702290076333 0.017434620174346202
0 0.12135941413118212 0.06475716064757162 0.18004371245050887 0.0281071893450001
94 0.06727099236641221 0.5582191780821918 0.06583969465648855 0.0224159402241594
19 0.07084923664122138 0.17372353673723537 0.07204198473282443 0.019925280199252802
62 0.07752862595419847 0.4165628891656289 0.08540076335877862 0.0186799501867995
78 0.07084923664122138 0.4853673723536737 0.0691793893129771 0.019925280199252802
6 0.11498091603053436 0.10803237858032379 0.1383587786259542 0.02303860523038605
53 0.10186068702290077 0.386052303860523 0.10830152671755726 0.019302615193026153
26 0.0868320610687023 0.20999377334993774 0.06774809160305344 0.01774595267745953
34 0.08908845508608543 0.2524906600249066 0.07049111750644116 0.023710920114888224
50 0.11688931297709923 0.3270547945205479 0.11259541984732824 0.029576587795765878
42 0.08862822204780214 0.28494095497164595 0.08209153014311767 0.030334291652758492
95 0.14670801526717558 0.5495018679950187 0.07013358778625954 0.029887920298879204
131 0.15696564885496184 0.7708592777085927 0.08492366412213741 0.02054794520547945
70 0.14599236641221375 0.450653798256538 0.060114503816793896 0.015877957658779578
111 0.1851145038167939 0.6447696139476962 0.13740458015267176 0.021170610211706103
119 0.17795801526717558 0.7292963885429639 0.12309160305343511 0.023972602739726026
79 0.16579198473282442 0.4836550435865504 0.07395038167938932 0.01774595267745953
63 0.17557251908396945 0.4181195516811955 0.08587786259541985 0.019925280199252802
35 0.18797709923664122 0.25093399750934 0.0916030534351145 0.030510585305105854
20 0.22089694656488548 0.1740348692403487 0.15553435114503816 0.026151930261519303
140 0.18129770992366412 0.8161581569115816 0.06774809160305344 0.022727272727272728
86 0.20181297709923665 0.5149439601494396 0.0916030534351145 0.024283935242839352
27 0.2096851145038168 0.212173100871731 0.0958969465648855 0.025217932752179328
43 0.2226609272851973 0.28886875314052995 0.10275953253565 0.03376247849850649
54 0.23831106870229007 0.3813823163138232 0.12833969465648856 0.019925280199252802
104 0.2144715532527177 0.6008367310015681 0.09171444511465904 0.02955021147234141
13 0.24689885496183206 0.1466376089663761 0.10830152671755726 0.0224159402241594
71 0.23497137404580154 0.44489414694894147 0.07299618320610687 0.02054794520547945
80 0.2480916030534351 0.4859900373599004 0.08110687022900763 0.021170610211706103
51 0.24713740458015268 0.3309464508094645 0.07538167938931298 0.021793275217932753
96 0.25429389312977096 0.5603985056039851 0.0868320610687023 0.02054794520547945
7 0.2516024585235782 0.10401918984362102 0.08095629799584145 0.020410922182354685
1 0.27218511450381677 0.054950186799501866 0.09017175572519084 0.025840597758405977
141 0.2791030534351145 0.8188044831880449 0.08778625954198473 0.021793275217932753
132 0.27361641221374045 0.7742839352428393 0.07108778625954199 0.021793275217932753
36 0.3060591603053435 0.2563823163138232 0.10353053435114504 0.021481942714819426
87 0.29961832061068705 0.5250622665006227 0.04484732824427481 0.023972602739726026
64 0.36092557251908397 0.410958904109589 0.16364503816793893 0.031755915317559155
125 0.35639312977099236 0.7261830635118306 0.15171755725190839 0.03518057285180573
105 0.3318225190839695 0.6016500622665006 0.09208015267175572 0.021481942714819426
44 0.3306297709923664 0.29218555417185554 0.07442748091603053 0.01774595267745953
52 0.3530534351145038 0.32938978829389787 0.08969465648854962 0.019302615193026153
72 0.3369956207934075 0.4456084876870667 0.11561179928142627 0.022492268709160778
28 0.3311923653197681 0.2184719962639453 0.08217997316179862 0.022652692391702898
21 0.40195610687022904 0.174813200498132 0.15887404580152673 0.027708592777085927
97 0.36354961832061067 0.5557285180572852 0.08110687022900763 0.029887920298879204
55 0.35281488549618323 0.3835616438356164 0.05868320610687023 0.019925280199252802
8 0.40791984732824427 0.10787671232876712 0.15935114503816794 0.02708592777085928
2 0.3883587786259542 0.058530510585305104 0.10209923664122138 0.021793275217932753
88 0.3869274809160305 0.5217932752179327 0.09637404580152671 0.025529265255292654
133 0.3841097195587745 0.7686884876459075 0.10129974458086755 0.03114263895232096
118 0.3969465648854962 0.6916251556662516 0.07061068702290077 0.020859277708592777
112 0.38708078256136275 0.6450704115201635 0.18011879923298205 0.03548288288656503
82 0.4372614503816794 0.48692403486924035 0.12166030534351145 0.019925280199252802
37 0.4351145038167939 0.25529265255292655 0.09064885496183206 0.02054794520547945
29 0.4623091603053435 0.22182440846824408 0.13358778625954199 0.02459526774595268
45 0.45849236641221375 0.28627023661270234 0.12595419847328243 0.030821917808219176
56 0.43654580152671757 0.3762453300124533 0.06965648854961833 0.02646326276463263
106 0.48091603053435117 0.6055417185554172 0.15171755725190839 0.024906600249066
73 0.4661259541984733 0.44536114570361146 0.07538167938931298 0.02895392278953923
98 0.48043893129771 0.5621108343711083 0.10918898045480963 0.036337972479807315
15 0.5102576335877863 0.1436799501867995 0.15505725190839695 0.023349937733499377
43 0.5056658700863738 0.5256037593474608 0.10461802954621391 0.03275057361951249
65 0.5236164122137404 0.41422789539227894 0.12547709923664122 0.018991282689912826
119 0.5202767175572519 0.6927148194271482 0.11688931297709923 0.02303860523038605
126 0.5283874045801527 0.7322540473225405 0.11879770992366412 0.024283935242839352
134 0.5081106870229007 0.7711706102117061 0.07251908396946564 0.0273972602739726
57 0.5181297709923665 0.3806039850560399 0.06297709923664122 0.018991282689912826
22 0.5412690839694656 0.17714819427148193 0.0825381679389313 0.026774595267745952
3 0.587949479340501 0.06024283935242838 0.15639646120559392 0.046515761133894044
38 0.5596374045801527 0.2538916562889166 0.09255725190839695 0.016500622665006227
9 0.5636927480916031 0.10460772104607721 0.07776717557251908 0.021793275217932753
57 0.5608301526717557 0.4494084682440847 0.06727099236641221 0.01774595267745953
46 0.5813454198473282 0.2907845579078456 0.07395038167938932 0.029887920298879204
113 0.5495439486899056 0.6520911952361823 0.08814547117792111 0.03451175110627446
30 0.5968511450381679 0.2159090909090909 0.09255725190839695 0.018368617683686177
99 0.6304866412213741 0.5656911581569116 0.14837786259541985 0.023661270236612703
58 0.6125954198473282 0.3715753424657534 0.0868320610687023 0.029576587795765878
90 0.6156965648854962 0.524906600249066 0.07395038167938932 0.016811955168119553
135 0.6525653567511608 0.7744065425698802 0.12452790139999374 0.04738877456857241
120 0.643368320610687 0.6911581569115816 0.10543893129770993 0.031133250311332503
42 0.639458095590064 0.6533312577833126 0.0786295565861919 0.037260795035299735
75 0.6495706106870229 0.44785180572851807 0.09017175572519084 0.014632627646326276
107 0.6313995816998597 0.6049979996861722 0.08889192733324348 0.02001639210538262
127 0.6727099236641222 0.7316313823163139 0.12022900763358779 0.023661270236612703
66 0.6662690839694656 0.4131382316313823 0.10639312977099237 0.01805728518057285
16 0.6696087786259542 0.14414694894146948 0.1006679389312977 0.02054794520547945
83 0.7199427480916031 0.4785180572851806 0.18797709923664122 0.0323785803237858
10 0.6946564885496184 0.10616438356164383 0.13263358778625955 0.016811955168119553
23 0.6591441116143221 0.17777085927770858 0.09125069874581772 0.023818364205633113
39 0.6696087786259542 0.25653798256537985 0.07490458015267176 0.021170610211706103
47 0.6719942748091603 0.2943648816936488 0.07967557251908397 0.02459526774595268
31 0.6941793893129771 0.21699875466998755 0.06297709923664122 0.023661270236612703
91 0.7044370229007634 0.5217932752179327 0.07299618320610687 0.0323785803237858
59 0.727858359195324 0.37166701819765197 0.11739670462268197 0.04532614153987401
4 0.7352099236641222 0.06631382316313823 0.08301526717557252 0.025529265255292654
60 0.7435591603053435 0.44629514321295144 0.06727099236641221 0.016500622665006227
115 0.8000954198473282 0.6488169364881694 0.16984732824427481 0.029887920298879204
24 0.7593034351145038 0.17839352428393523 0.07299618320610687 0.02054794520547945
100 0.7752862595419847 0.5639788293897883 0.0982824427480916 0.018991282689912826
108 0.7710000981576379 0.6061643835616439 0.09980733913263218 0.024089019499624352
48 0.7662213740458015 0.2960772104607721 0.07824427480916031 0.039850560398505604
40 0.7989026717557252 0.25529265255292655 0.13788167938931298 0.024283935242839352
17 0.8008110687022901 0.14103362391033625 0.12643129770992367 0.021793275217932753
67 0.7857884215004253 0.41136191234460084 0.08034357499984625 0.025004330535444045
32 0.7774332061068703 0.2163760896637609 0.06631679389312978 0.024283935242839352
136 0.7950858778625954 0.7750622665006227 0.09398854961832061 0.020859277708592777
92 0.8125 0.5245952677459527 0.09064885496183206 0.014943960149439602
128 0.8342080152671756 0.7414383561643836 0.10543893129770993 0.018991282689912826
11 0.845373508180779 0.1028953922789539 0.13106519690620408 0.03820400953197999
77 0.8738072519083969 0.44411581569115816 0.15982824427480916 0.025840597758405977
60 0.830868320610687 0.3762453300124533 0.06345419847328244 0.018368617683686177
25 0.9015867360267211 0.1762924259037693 0.15685727001531696 0.026292420457500815
122 0.8928912213740458 0.6945828144458281 0.13692748091603055 0.026151930261519303
49 0.8888358778625954 0.286425902864259 0.11641221374045801 0.03424657534246575
5 0.8515488977015068 0.06101697163804127 0.08691157850509573 0.0376102014334737
68 0.8983778625954199 0.4095579078455791 0.11354961832061068 0.02210460772104608
84 0.8909828244274809 0.4850560398505604 0.09685114503816794 0.019302615193026153
109 0.9017175572519084 0.6117683686176837 0.11354961832061068 0.024906600249066
101 0.8826335877862596 0.5653798256537983 0.07347328244274809 0.016811955168119553
137 0.8971851145038168 0.7710149439601495 0.06059160305343511 0.02708592777085928
93 0.933206106870229 0.5286425902864259 0.11354961832061068 0.02303860523038605
61 0.9172232824427481 0.3757783312577833 0.08062977099236641 0.0161892901618929
18 0.9391698473282443 0.1399439601494396 0.10353053435114504 0.022727272727272728
41 0.9355916030534351 0.24268368617683686 0.09255725190839695 0.029576587795765878
129 0.9425095419847328 0.7350560398505604 0.08349236641221373 0.0323785803237858
138 0.9551526717557252 0.7800435865504358 0.04103053435114504 0.020236612702366128
102 0.9661259541984732 0.5605541718555417 0.046755725190839696 0.022727272727272728
14 0.36369077954267737 0.14425428599063042 0.08685926761154153 0.026240108677098185
33 0.9170448499937125 0.20679310525372596 0.15846877785063476 0.03231363935796408
81 0.33383605609526856 0.4820932917301356 0.029661121317704386 0.026369762106025853
117 0.17062099957282287 0.6774110147815967 0.14938485062403253 0.03739655208485188
121 0.7725198212674111 0.6972558454667488 0.08237340892098188 0.03317991292698698
