29 0.05578512396694215 0.1923219584569733 0.10537190082644628 0.0322700296735905
19 0.04390495867768595 0.1300074183976261 0.07954545454545454 0.030786350148367954
113 0.0446797520661157 0.8345697329376854 0.07696280991735537 0.022997032640949554
128 0.04597107438016529 0.9183976261127597 0.07851239669421488 0.022997032640949554
0 0.07463842975206611 0.022811572700296736 0.13481404958677687 0.03523738872403561
39 0.04183884297520661 0.2470326409495549 0.06921487603305786 0.025222551928783383
49 0.06405267811259437 0.2941394658753709 0.09514124192740604 0.034866468842729974
64 0.09349173553719008 0.4649480712166172 0.16735537190082644 0.03968842729970327
73 0.05991735537190083 0.5469213649851632 0.10020661157024793 0.030044510385756677
135 0.06120867768595041 0.9668026706231454 0.10072314049586777 0.03152818991097923
58 0.053460743801652895 0.4043026706231454 0.08419421487603305 0.034866468842729974
108 0.047520661157024795 0.7915430267062314 0.07024793388429752 0.017804154302670624
10 0.06611570247933884 0.07733679525222552 0.10640495867768596 0.02410979228486647
118 0.03460743801652893 0.8716617210682492 0.04132231404958678 0.020771513353115726
53 0.0743801652892562 0.35886498516320475 0.11776859504132231 0.03152818991097923
85 0.07515495867768596 0.6359421364985163 0.11828512396694214 0.024851632047477746
79 0.05914256198347107 0.5923590504451038 0.08419421487603305 0.02373887240356083
102 0.035640495867768594 0.7488872403560831 0.03305785123966942 0.028931750741839762
98 0.06430785123966942 0.7082715133531158 0.08316115702479339 0.0293026706231454
92 0.07024793388429752 0.675259643916914 0.07644628099173553 0.017433234421364987
68 0.08703512396694214 0.5076038575667655 0.12522051475003534 0.0347869419347171
103 0.10898760330578512 0.754080118694362 0.08677685950413223 0.020771513353115726
119 0.12164256198347108 0.8724035608308606 0.10175619834710743 0.026706231454005934
42 0.13119834710743802 0.8362388724035609 0.07747933884297521 0.02410979228486647
40 0.1547004132231405 0.2518545994065282 0.11415289256198347 0.026706231454005934
109 0.1472107438016529 0.7933976261127597 0.09607438016528926 0.028931750741839762
129 0.13042355371900827 0.9135756676557863 0.061466942148760334 0.024480712166172106
59 0.1709710743801653 0.41543026706231456 0.11363636363636363 0.037833827893175076
80 0.15573347107438015 0.5953264094955489 0.07902892561983471 0.020771513353115726
99 0.18233471074380164 0.7134643916913946 0.125 0.02336795252225519
57 0.153150826446281 0.5515578635014837 0.061466942148760334 0.020771513353115726
30 0.15986570247933884 0.19083827893175073 0.07386363636363637 0.02188427299703264
93 0.18414256198347106 0.675259643916914 0.12241735537190082 0.02559347181008902
11 0.19008264462809918 0.07900593471810088 0.10330578512396695 0.037833827893175076
136 0.1740702479338843 0.9686572700296736 0.0640495867768595 0.027818991097922848
20 0.16585641444656363 0.13481893846165138 0.1341896593455074 0.03449554896142433
54 0.20506198347107438 0.35886498516320475 0.11466942148760331 0.021142433234421366
1 0.1797520661157025 0.020771513353115726 0.05991735537190083 0.025222551928783383
69 0.1934400826446281 0.5116839762611276 0.07386363636363637 0.019658753709198812
50 0.17969525412163595 0.30322700296735905 0.12389028155809467 0.03152818991097922
104 0.20506198347107438 0.7561201780415431 0.07231404958677685 0.021142433234421366
130 0.20428719008264462 0.9219213649851632 0.06559917355371901 0.02040059347181009
115 0.26291322314049587 0.8347551928783383 0.1518595041322314 0.021142433234421366
75 0.2381198347107438 0.5497032640949555 0.08987603305785125 0.018545994065281898
65 0.25454441034965025 0.4699554896142433 0.1199695351032499 0.022255192878338274
125 0.2574896694214876 0.8718471810089021 0.1265495867768595 0.030044510385756677
31 0.2396694214876033 0.19732937685459942 0.06818181818181818 0.024480712166172106
110 0.2484504132231405 0.7969213649851632 0.07954545454545454 0.015949554896142432
2 0.25335743801652894 0.024480712166172106 0.07283057851239669 0.020771513353115726
81 0.23398760330578514 0.5951409495548962 0.03409090909090909 0.019658753709198812
137 0.24431818181818182 0.9649480712166172 0.042355371900826444 0.030044510385756677
41 0.2817665289256198 0.2451780415430267 0.0893595041322314 0.034866468842729974
60 0.26885330578512395 0.41951038575667654 0.0625 0.020771513353115726
21 0.30010330578512395 0.13353115727002968 0.12396694214876033 0.03560830860534125
70 0.2727272727272727 0.5131676557863502 0.05991735537190083 0.02040059347181009
51 0.27608471074380164 0.3065652818991098 0.061466942148760334 0.022626112759643918
131 0.28615702479338845 0.9222922848664689 0.0743801652892562 0.019658753709198812
105 0.2915805785123967 0.7537091988130564 0.07799586776859505 0.018545994065281898
94 0.2993285123966942 0.6758160237388724 0.08522727272727272 0.018545994065281898
82 0.3274793388429752 0.598293768545994 0.12190082644628099 0.022997032640949554
12 0.31017561983471076 0.0771513353115727 0.08419421487603305 0.034866468842729974
138 0.3006198347107438 0.9731083086053413 0.04648760330578512 0.01669139465875371
55 0.3194731404958678 0.3672106824925816 0.08109504132231404 0.02373887240356083
32 0.3277376033057851 0.20029673590504452 0.06456611570247933 0.021513353115727003
60 0.327995867768595 0.55526706231454 0.05785123966942149 0.020771513353115726
111 0.36260330578512395 0.7963649851632048 0.11880165289256199 0.02225519287833828
3 0.3677685950413223 0.018916913946587538 0.10433884297520661 0.037091988130563795
61 0.34762396694214875 0.41913946587537093 0.060950413223140494 0.017062314540059347
71 0.3556301652892562 0.5111275964391692 0.07179752066115702 0.028189910979228485
100 0.3744834710743802 0.7160608308605341 0.10743801652892562 0.02336795252225519
52 0.35769628099173556 0.306379821958457 0.07179752066115702 0.022997032640949554
66 0.38584710743801653 0.4725519287833828 0.11466942148760331 0.02373887240356083
42 0.38931816944267833 0.25667655786350146 0.0858072962648839 0.05010718562335869
126 0.38713842975206614 0.872959940652819 0.09659090909090909 0.02410979228486647
139 0.37577479338842973 0.9760756676557863 0.06663223140495868 0.027077151335311574
116 0.3747417355371901 0.8366097922848664 0.06353305785123967 0.01669139465875371
86 0.3884297520661157 0.637240356083086 0.08677685950413223 0.030415430267062313
95 0.38507231404958675 0.6769287833827893 0.07489669421487603 0.032640949554896145
132 0.37164256198347106 0.9219213649851632 0.04803719008264463 0.02040059347181009
106 0.40960743801652894 0.755192878338279 0.12190082644628099 0.017804154302670624
13 0.41333367314826575 0.07902681150399694 0.10825982750140137 0.021513353115727003
22 0.40883264462809915 0.13594213649851633 0.07902892561983471 0.0322700296735905
56 0.40237603305785125 0.36071958456973297 0.06508264462809918 0.03820474777448071
33 0.45635330578512395 0.1943620178041543 0.1503099173553719 0.039317507418397624
62 0.4380165289256198 0.42043768545994065 0.0981404958677686 0.02559347181008902
72 0.4527376033057851 0.5165059347181009 0.09142561983471074 0.026335311572700297
83 0.49899998514939586 0.5910608308605341 0.17756727878863826 0.026335311572700297
133 0.4444731404958678 0.9189540059347181 0.07179752066115702 0.030044510385756677
140 0.4555785123966942 0.9812685459940653 0.07851239669421488 0.02559347181008902
117 0.47830578512396693 0.8354970326409495 0.11260330578512397 0.019658753709198812
87 0.45790289256198347 0.640393175074184 0.0490702479338843 0.03820474777448071
4 0.4682334710743802 0.022997032640949554 0.06663223140495868 0.02225519287833828
101 0.47365702479338845 0.7138353115727003 0.07747933884297521 0.02336795252225519
112 0.5051652892561983 0.7954376854599406 0.1384297520661157 0.022626112759643918
96 0.4672004132231405 0.6793397626112759 0.061466942148760334 0.02040059347181009
57 0.47882231404958675 0.36962166172106825 0.07024793388429752 0.019658753709198812
43 0.484245867768595 0.24925816023738873 0.07076446280991736 0.03560830860534125
127 0.4981921487603306 0.8735163204747775 0.09349173553719008 0.02744807121661721
23 0.49457644628099173 0.13816765578635015 0.08109504132231404 0.019658753709198812
67 0.50025826446281 0.47477744807121663 0.0862603305785124 0.021513353115727003
14 0.5041322314049587 0.07807863501483679 0.06611570247933884 0.02040059347181009
107 0.5121384297520661 0.7512982195845698 0.0759297520661157 0.02336795252225519
88 0.5266012396694215 0.6363130563798219 0.07902892561983471 0.02559347181008902
63 0.5294421487603306 0.42618694362017806 0.07024793388429752 0.026706231454005934
141 0.5268595041322314 0.9783011869436202 0.06508264462809918 0.02410979228486647
134 0.5240185950413223 0.922106824925816 0.052169421487603305 0.02967359050445104
97 0.5446797520661157 0.6696958456973294 0.07386363636363637 0.030786350148367954
78 0.546745867768595 0.5541543026706232 0.059400826446280995 0.020029673590504452
5 0.5539772727272727 0.02040059347181009 0.06973140495867769 0.018545994065281898
44 0.5614669421487604 0.2557492581602374 0.047520661157024795 0.024851632047477746
24 0.5777376033057852 0.13798219584569732 0.061466942148760334 0.026706231454005934
15 0.6115702479338843 0.08011869436201781 0.11466942148760331 0.025222551928783383
34 0.5839359504132231 0.20344955489614244 0.05836776859504132 0.02410979228486647
120 0.6040805785123967 0.8724035608308606 0.07696280991735537 0.02967359050445104
43 0.6242252066115702 0.6402077151335311 0.07696280991735537 0.03115727002967359
45 0.6549586776859504 0.2507418397626113 0.11363636363636363 0.039317507418397624
84 0.6402376033057852 0.5969955489614244 0.07696280991735537 0.02040059347181009
6 0.6606404958677686 0.02188427299703264 0.10743801652892562 0.024480712166172106
25 0.6934400826446281 0.1355712166172107 0.1399793388429752 0.030786350148367954
35 0.6696797520661157 0.19751483679525222 0.08522727272727272 0.0322700296735905
121 0.6849173553719008 0.8751854599406528 0.06818181818181818 0.02188427299703264
90 0.7066115702479339 0.6429896142433235 0.07024793388429752 0.015949554896142432
16 0.7233987603305785 0.08123145400593472 0.09039256198347108 0.020771513353115726
122 0.7665289256198347 0.8679525222551929 0.08574380165289257 0.028931750741839762
36 0.7729855371900827 0.19862759643916914 0.09142561983471074 0.027818991097922848
46 0.7603305785123967 0.2512982195845697 0.06301652892561983 0.03301186943620178
7 0.7600723140495868 0.02911721068249258 0.05320247933884298 0.026335311572700297
91 0.7861570247933884 0.6376112759643917 0.06611570247933884 0.031899109792284865
26 0.8039772727272727 0.14020771513353117 0.06663223140495868 0.016320474777448073
17 0.8416838842975206 0.08067507418397626 0.12138429752066116 0.02559347181008902
8 0.859245867768595 0.023182492581602373 0.11518595041322315 0.0293026706231454
47 0.8401342975206612 0.2525964391691395 0.07696280991735537 0.024480712166172106
123 0.8422004132231405 0.8642433234421365 0.0625 0.028931750741839762
37 0.8664772727272727 0.2030786350148368 0.07179752066115702 0.022626112759643918
27 0.9047004132231405 0.13334569732937684 0.10898760330578512 0.027077151335311574
119 0.9253615702479339 0.8675816023738873 0.08522727272727272 0.018545994065281898
48 0.931301652892562 0.2488872403560831 0.08471074380165289 0.04302670623145401
18 0.9537706611570248 0.07770771513353116 0.08729338842975207 0.02410979228486647
38 0.9566115702479339 0.20029673590504452 0.08677685950413223 0.020771513353115726
9 0.9584194214876033 0.02410979228486647 0.0625 0.020771513353115726
28 0.9798553719008265 0.13538575667655786 0.040289256198347105 0.02373887240356083
77 0.438924298062608 0.5534598357795915 0.14070862075863458 0.04125075170368679
