19 0.04990842490842491 0.14757914338919925 0.06318681318681318 0.049348230912476726
10 0.06776556776556776 0.09776536312849161 0.09798534798534798 0.0297951582867784
29 0.07280219780219781 0.20577281191806332 0.10622710622710622 0.0335195530726257
39 0.05929487179487179 0.2567504655493482 0.060897435897435896 0.029329608938547486
49 0.08928571428571429 0.3116852886405959 0.11172161172161173 0.04888268156424581
61 0.08104395604395605 0.5141992551210428 0.09157509157509157 0.028398510242085662
53 0.09913003663003662 0.4583333333333333 0.12408424908424909 0.03398510242085661
69 0.07944139194139194 0.5686685288640596 0.07005494505494506 0.031191806331471134
125 0.11911816745855917 0.8878730606233213 0.13812398253107297 0.06326799113019314
79 0.08127289377289378 0.6210428305400373 0.0673076923076923 0.0260707635009311
99 0.10851648351648352 0.7255586592178771 0.12179487179487179 0.03677839851024209
43 0.08447802197802198 0.6717877094972067 0.07188644688644688 0.04283054003724395
108 0.08836996336996338 0.784683426443203 0.07692307692307693 0.03398510242085661
116 0.08516483516483517 0.8363594040968343 0.0695970695970696 0.03026070763500931
134 0.08356227106227106 0.9445996275605214 0.06456043956043957 0.040968342644320296
40 0.18017399267399267 0.26629422718808193 0.1478937728937729 0.05027932960893855
80 0.1559065934065934 0.6240689013035382 0.07097069597069597 0.028398510242085662
70 0.15728021978021978 0.5709962756052142 0.06456043956043957 0.025605214152700187
30 0.16895604395604397 0.2032122905027933 0.08241758241758242 0.025605214152700187
117 0.19253663003663005 0.8421787709497207 0.11950549450549451 0.038175046554934824
90 0.16437728937728938 0.6778398510242085 0.0521978021978022 0.025139664804469275
62 0.19230769230769232 0.5169925512104283 0.10714285714285714 0.03677839851024209
109 0.1884157509157509 0.7888733705772812 0.09478021978021978 0.05633147113594041
1 0.1762820512820513 0.037243947858473 0.045787545787545784 0.04655493482309125
50 0.2073262168095799 0.3258634202419665 0.09407565672881935 0.06657355679702048
54 0.25755494505494503 0.46322160148975794 0.15613553113553114 0.027001862197392923
100 0.2326007326007326 0.7311452513966481 0.10622710622710622 0.03212290502793296
91 0.2316849816849817 0.6675977653631285 0.06135531135531135 0.05493482309124767
71 0.23763736263736263 0.5682029795158287 0.07051282051282051 0.03770949720670391
2 0.2429029304029304 0.04539106145251397 0.07738095238095238 0.02653631284916201
81 0.22115384615384615 0.625465549348231 0.03021978021978022 0.029329608938547486
126 0.2717490842490842 0.8871042830540037 0.125 0.04236499068901303
31 0.2548076923076923 0.2048417132216015 0.06547619047619048 0.028864059590316574
21 0.3058608058608059 0.15083798882681565 0.13644688644688643 0.04748603351955307
136 0.27793040293040294 0.9506517690875232 0.07875457875457875 0.04562383612662942
110 0.28296703296703296 0.7916666666666666 0.0695970695970696 0.03026070763500931
82 0.29555860805860806 0.6378026070763501 0.09294871794871795 0.037243947858473
63 0.29967948717948717 0.5311918063314711 0.09844322344322344 0.04189944134078212
51 0.29716117216117216 0.32518621973929235 0.07234432234432235 0.028398510242085662
118 0.2873168498168498 0.847998137802607 0.04624542124542125 0.031191806331471134
41 0.3118131868131868 0.24557728119180633 0.08516483516483517 0.04702048417132216
12 0.30823586913599643 0.09886444520993973 0.08210287852065361 0.040502793296089384
92 0.315018315018315 0.6850558659217877 0.08333333333333333 0.02653631284916201
3 0.35797292207279474 0.04911545623836126 0.1478937728937729 0.041664339830058496
72 0.3342490842490842 0.5824022346368715 0.09340659340659341 0.043761638733705775
101 0.3374542124542125 0.7385940409683427 0.07967032967032966 0.03584729981378026
32 0.3342490842490842 0.20740223463687152 0.07234432234432235 0.031191806331471134
119 0.383470695970696 0.8503258845437617 0.12225274725274725 0.03026070763500931
111 0.383470695970696 0.7932960893854749 0.11126373626373626 0.032588454376163874
137 0.3788602311748495 0.9485567970204841 0.042225093591619085 0.03677839851024209
127 0.37866300366300365 0.904562383612663 0.08058608058608059 0.0297951582867784
55 0.38209706959706957 0.4725325884543762 0.07554945054945054 0.03445065176908752
52 0.3784340659340659 0.32751396648044695 0.06456043956043957 0.033054003724394786
13 0.3942307692307692 0.10661080074487896 0.08608058608058608 0.0297951582867784
83 0.4475732600732601 0.6270949720670391 0.16804029304029305 0.04562383612662942
42 0.4046634839621484 0.26148611064347765 0.08859627644001225 0.03677839851024209
64 0.44963369963369965 0.5253724394785847 0.15842490842490842 0.06284916201117319
22 0.41255587175911507 0.153541778143853 0.06678316884963996 0.05547115599948846
93 0.4304804191089282 0.6825590470141322 0.1256872855909904 0.0534280145934653
138 0.41643772893772896 0.9541433891992551 0.033424908424908424 0.02281191806331471
73 0.44642857142857145 0.5751862197392924 0.076007326007326 0.05074487895716946
103 0.4748168498168498 0.7432495344506518 0.1108058608058608 0.031191806331471134
56 0.4597069597069597 0.46345437616387336 0.0641025641025641 0.05074487895716946
4 0.4748168498168498 0.060288640595903165 0.07417582417582418 0.029329608938547486
139 0.4766483516483517 0.9599627560521415 0.06318681318681318 0.028864059590316574
120 0.49565018315018317 0.8486964618249534 0.08928571428571429 0.06238361266294227
128 0.4961080586080586 0.912243947858473 0.08928571428571429 0.03212290502793296
14 0.48603479853479853 0.1063780260707635 0.06822344322344322 0.027467411545623835
43 0.49725274725274726 0.2600093109869646 0.06593406593406594 0.04515828677839851
94 0.5364010989010989 0.6918063314711359 0.08104395604395605 0.0297951582867784
57 0.5322802197802198 0.5891527001862198 0.07005494505494506 0.028398510242085662
57 0.5508241758241759 0.4720670391061452 0.09157509157509157 0.032588454376163874
112 0.5193963318099315 0.7914128180607739 0.14385637515212335 0.03957169459962756
24 0.5624965111073189 0.16346939000693023 0.07669224827905291 0.04542384071200614
5 0.5627289377289377 0.0633147113594041 0.06227106227106227 0.024208566108007448
15 0.5837912087912088 0.1138268156424581 0.10347985347985347 0.03677839851024209
65 0.5943223443223443 0.5339851024208566 0.12087912087912088 0.0297951582867784
104 0.5737179487179487 0.7462756052141527 0.07875457875457875 0.0297951582867784
95 0.6232354017073293 0.6887801405295644 0.06558671330379028 0.046109975260324995
44 0.5748626373626373 0.26675977653631283 0.061813186813186816 0.030726256983240222
121 0.581959706959707 0.8614990689013036 0.07234432234432235 0.03957169459962756
34 0.5856966709396528 0.2102801869875781 0.06339606236326267 0.0260707635009311
129 0.5959249084249084 0.9078212290502793 0.08836996336996338 0.05772811918063315
75 0.6217948717948718 0.5905493482309124 0.09798534798534798 0.034916201117318434
113 0.6330128205128205 0.8095903165735568 0.08598707736338475 0.04615498965868322
141 0.6270604395604396 0.9674115456238361 0.06913919413919414 0.027932960893854747
25 0.6621125655268927 0.16220179999491846 0.12316849816849818 0.03793587610549213
6 0.6488095238095238 0.061452513966480445 0.09523809523809523 0.024208566108007448
58 0.6538461538461539 0.4657821229050279 0.09981684981684982 0.04702048417132216
45 0.6721611721611722 0.2511638733705773 0.10531135531135531 0.05819366852886406
105 0.6712454212454212 0.750465549348231 0.10073260073260074 0.035381750465549346
130 0.6684981684981685 0.9187616387337058 0.06776556776556776 0.033054003724394786
122 0.6769688644688645 0.8594040968342644 0.08287545787545787 0.027932960893854747
16 0.6884157509157509 0.11452513966480447 0.08836996336996338 0.0297951582867784
85 0.6998626373626373 0.6424581005586593 0.10027472527472528 0.03445065176908752
66 0.7042124542124543 0.529562383612663 0.0815018315018315 0.02653631284916201
96 0.7053571428571429 0.6971601489757915 0.07921245421245421 0.027467411545623835
42 0.7207100389677847 0.8034112507436085 0.08734486346579441 0.04562383612662942
60 0.7184065934065934 0.5868249534450651 0.07051282051282051 0.028398510242085662
131 0.7458791208791209 0.9189944134078212 0.07234432234432235 0.028864059590316574
7 0.7520604395604396 0.06517690875232775 0.07921245421245421 0.0297951582867784
59 0.7827380952380952 0.4764897579143389 0.13873626373626374 0.05446927374301676
36 0.7509157509157509 0.2122905027932961 0.07142857142857142 0.0260707635009311
106 0.7932692307692307 0.7483705772811918 0.1533882783882784 0.03026070763500931
46 0.7616758241758241 0.25721601489757917 0.061813186813186816 0.04981378026070764
123 0.7690018315018315 0.8631284916201117 0.06913919413919414 0.03165735567970205
26 0.7653388278388278 0.16573556797020483 0.05723443223443223 0.0223463687150838
17 0.7934981684981685 0.11336126629422719 0.09615384615384616 0.03212290502793296
97 0.7901592332153781 0.6921872245580454 0.07029599016415367 0.0516330742936563
86 0.7944139194139194 0.6287243947858473 0.07417582417582418 0.04702048417132216
67 0.8152472527472527 0.529562383612663 0.10943223443223443 0.025605214152700187
77 0.8205128205128205 0.5793761638733705 0.11355311355311355 0.04422718808193669
115 0.8820970695970696 0.7967877094972067 0.19734432234432234 0.03677839851024209
132 0.8179945054945055 0.9182960893854749 0.06364468864468864 0.03026070763500931
47 0.8315018315018315 0.26536312849162014 0.08424908424908426 0.04003724394785847
8 0.8438644688644689 0.06936685288640596 0.10073260073260074 0.030726256983240222
37 0.8337912087912088 0.21135940409683426 0.06776556776556776 0.0260707635009311
27 0.847985347985348 0.15758845437616387 0.07326007326007326 0.04143389199255121
119 0.8846153846153846 0.86731843575419 0.1401098901098901 0.032588454376163874
87 0.8594322344322345 0.6522346368715084 0.048534798534798536 0.049348230912476726
18 0.8976648351648352 0.11824953445065177 0.08104395604395605 0.03910614525139665
60 0.9107142857142857 0.48091247672253257 0.09615384615384616 0.027001862197392923
133 0.9040750915750916 0.9073556797020484 0.08195970695970696 0.038175046554934824
68 0.9258241758241759 0.5328212290502793 0.10989010989010989 0.023743016759776536
38 0.9084249084249084 0.20763500931098697 0.07051282051282051 0.024208566108007448
48 0.9123168498168498 0.25861266294227186 0.07280219780219781 0.051675977653631286
107 0.9164377289377289 0.7539571694599627 0.07280219780219781 0.03212290502793296
78 0.9290293040293041 0.5872905027932961 0.08882783882783883 0.023743016759776536
28 0.9232969065957695 0.1588287089762434 0.06272893772893773 0.040379521812618904
9 0.9315476190476191 0.06773743016759777 0.07097069597069597 0.024674115456238363
88 0.93246336996337 0.6357076350093109 0.07005494505494506 0.03957169459962756
11 0.17426645381410047 0.10357629239844 0.10238927288068728 0.044951902586684196
23 0.4825719310437255 0.1569566767201275 0.06977639337054255 0.04832329528068553
33 0.45450968588383345 0.20977516225948145 0.14865405544159035 0.04832329528068553
0 0.08199514112208486 0.042305951603633304 0.1309070253475263 0.045827632122889005
20 0.16182821275498196 0.1515775178925457 0.12795869346948766 0.04795068868171494
102 0.39736446327564795 0.7356062885148688 0.03336148799072466 0.04634299372461149
135 0.17738715183680706 0.9433773770468773 0.11050992896927551 0.044798227267124555
140 0.5494654322049431 0.9632235762013226 0.06320401877931685 0.06027690007037027
98 0.8863187716397067 0.696214743848949 0.09799937097275374 0.03552962852220214
84 0.5834590134739089 0.6367412352356974 0.09904191747246392 0.046342993724611654
35 0.6699903729498512 0.20266186068183556 0.08027608047768126 0.037074394979689264
