25 0.11642411642411643 0.27625 0.16943866943866945 0.026785714285714284
18 0.09381496881496881 0.23125 0.11486486486486487 0.025357142857142856
32 0.09095634095634096 0.325 0.10395010395010396 0.02142857142857143
39 0.07614345114345114 0.37357142857142855 0.07120582120582121 0.023571428571428573
47 0.08705821205821206 0.42446428571428574 0.091995841995842 0.02892857142857143
6 0.11824324324324324 0.1332142857142857 0.14916839916839916 0.02642857142857143
105 0.09407484407484408 0.8351785714285714 0.09875259875259876 0.028214285714285713
67 0.10265072765072765 0.6010714285714286 0.11070686070686071 0.02
60 0.09017671517671517 0.5583928571428571 0.0816008316008316 0.019642857142857142
117 0.12837837837837837 0.9375 0.15696465696465697 0.023571428571428573
53 0.11876299376299376 0.5096428571428572 0.13565488565488565 0.02142857142857143
111 0.13643451143451144 0.8821428571428571 0.170997920997921 0.023571428571428573
75 0.0997920997920998 0.6421428571428571 0.09563409563409564 0.02
98 0.1094074844074844 0.7764285714285715 0.11382536382536383 0.029285714285714286
83 0.15254677754677753 0.6855357142857142 0.1949064449064449 0.03464285714285714
90 0.09849272349272349 0.7314285714285714 0.07744282744282745 0.022857142857142857
40 0.21127858627858628 0.3742857142857143 0.13565488565488565 0.025
48 0.21595634095634095 0.42214285714285715 0.10966735966735967 0.03214285714285714
13 0.22505197505197505 0.18267857142857144 0.11226611226611227 0.02035714285714286
60 0.2143970893970894 0.6458928571428572 0.08887733887733888 0.02035714285714286
19 0.21335758835758836 0.23535714285714285 0.07848232848232849 0.03357142857142857
91 0.20608108108108109 0.7289285714285715 0.060810810810810814 0.03142857142857143
106 0.2778066528066528 0.8332142857142857 0.19074844074844075 0.02
99 0.27598752598752596 0.7858928571428572 0.158004158004158 0.024642857142857143
26 0.26949064449064447 0.2825 0.07952182952182953 0.018571428571428572
7 0.27884615384615385 0.13178571428571428 0.09615384615384616 0.023571428571428573
54 0.2980769230769231 0.5117857142857143 0.13253638253638253 0.022857142857142857
112 0.3334199584199584 0.8883928571428571 0.16787941787941787 0.025357142857142856
1 0.28664241164241167 0.07267857142857143 0.06600831600831601 0.02892857142857143
84 0.3196465696465696 0.69125 0.11122661122661123 0.025357142857142856
118 0.2954781704781705 0.9414285714285714 0.0628898128898129 0.020714285714285713
62 0.3251039501039501 0.5557142857142857 0.09095634095634096 0.020714285714285713
77 0.3518711018711019 0.6464285714285715 0.13721413721413722 0.032857142857142856
20 0.3716216216216216 0.23410714285714285 0.158004158004158 0.0325
14 0.35395010395010396 0.18375 0.09771309771309772 0.023214285714285715
41 0.3622661122661123 0.3698214285714286 0.10083160083160084 0.026071428571428572
49 0.3762993762993763 0.42142857142857143 0.11746361746361747 0.029285714285714286
2 0.3911122661122661 0.07625 0.10135135135135136 0.025357142857142856
119 0.4189189189189189 0.945 0.14137214137214138 0.025
69 0.39942827442827444 0.60625 0.09303534303534304 0.0225
100 0.4233367983367983 0.7876785714285715 0.12525987525987525 0.02892857142857143
93 0.4594594594594595 0.7416071428571429 0.1392931392931393 0.023928571428571428
63 0.4436070686070686 0.5578571428571428 0.09095634095634096 0.027142857142857142
55 0.44594594594594594 0.5067857142857143 0.08627858627858628 0.02857142857142857
8 0.42057449389659235 0.12812494630687962 0.1408201152609989 0.036458903960549696
15 0.49766112266112267 0.17607142857142857 0.15332640332640332 0.02642857142857143
113 0.48492723492723494 0.8889285714285714 0.08835758835758836 0.025
78 0.4797297297297297 0.6485714285714286 0.07588357588357589 0.023571428571428573
70 0.49584199584199584 0.6041071428571428 0.08627858627858628 0.021785714285714287
28 0.5083160083160083 0.27482142857142855 0.08316008316008316 0.026071428571428572
3 0.5592369238456982 0.06544102463460562 0.1889936073927758 0.033557142857142855
21 0.5458190608223226 0.22803571428571426 0.13329117798597834 0.033928571428571426
35 0.5345634095634095 0.31910714285714287 0.10343035343035344 0.031785714285714285
56 0.556912681912682 0.5064285714285715 0.08991683991683992 0.032857142857142856
101 0.5678274428274428 0.7898214285714286 0.11174636174636175 0.023928571428571428
64 0.6044698544698545 0.55 0.17255717255717257 0.03785714285714286
120 0.577962577962578 0.9442857142857143 0.11330561330561331 0.03857142857142857
9 0.5652286902286903 0.12785714285714286 0.08367983367983368 0.027142857142857142
43 0.5935550935550935 0.36892857142857144 0.09563409563409564 0.035
71 0.6003118503118503 0.60125 0.104989604989605 0.024642857142857143
108 0.6042099792099792 0.8373214285714285 0.09511434511434512 0.023214285714285715
94 0.610966735966736 0.7389285714285714 0.09927234927234928 0.019285714285714285
29 0.6346153846153846 0.28214285714285714 0.11746361746361747 0.02642857142857143
86 0.6182432432432432 0.6842857142857143 0.08056133056133057 0.03
51 0.6314968814968815 0.4226785714285714 0.10187110187110188 0.02107142857142857
16 0.6629417879417879 0.17535714285714285 0.11278586278586279 0.02642857142857143
57 0.656964656964657 0.5089285714285714 0.08004158004158005 0.022857142857142857
102 0.6457900207900208 0.7833928571428571 0.04625779625779626 0.0325
4 0.7224532224532224 0.06785714285714285 0.11434511434511435 0.03142857142857143
121 0.7175155925155925 0.9505357142857143 0.0971933471933472 0.028214285714285713
109 0.7320686070686071 0.8375 0.12318087318087319 0.02642857142857143
45 0.7351871101871101 0.3657142857142857 0.12733887733887733 0.03357142857142857
103 0.7406444906444907 0.7896428571428571 0.11226611226611227 0.024285714285714285
95 0.7286902286902287 0.7328571428571429 0.08108108108108109 0.03642857142857143
87 0.7247920997920998 0.6933928571428571 0.059771309771309775 0.030357142857142857
52 0.7494802494802495 0.4226785714285714 0.0997920997920998 0.025357142857142856
115 0.764629464618592 0.8871875268465605 0.18602481664941714 0.032857142857142876
30 0.7668918918918919 0.27517857142857144 0.09927234927234928 0.021785714285714287
65 0.7889812889812889 0.5526785714285715 0.14033264033264034 0.02892857142857143
58 0.7775467775467776 0.50625 0.11226611226611227 0.028214285714285713
17 0.8253638253638254 0.17017857142857143 0.1600831600831601 0.028214285714285713
23 0.7988565488565489 0.22357142857142856 0.10395010395010396 0.023571428571428573
81 0.7720893970893971 0.6448214285714285 0.04625779625779626 0.01892857142857143
37 0.808991683991684 0.3205357142857143 0.0971933471933472 0.026071428571428572
88 0.8297817047817048 0.6835714285714286 0.10135135135135136 0.025
96 0.8349792099792099 0.7326785714285714 0.09823284823284824 0.02107142857142857
11 0.8462134662123789 0.1128570354709019 0.12474012474012477 0.04535714285714287
5 0.8460560010625245 0.062142857142857146 0.10122053387293142 0.025714285714285714
122 0.8674636174636174 0.93875 0.15072765072765074 0.036071428571428574
82 0.8929313929313929 0.6403571428571428 0.15696465696465697 0.027142857142857142
46 0.8752598752598753 0.36375 0.11330561330561331 0.0325
104 0.8913721413721414 0.7832142857142858 0.14033264033264034 0.025
73 0.8755197505197505 0.5966071428571429 0.10031185031185032 0.024642857142857143
110 0.8687629937629938 0.8360714285714286 0.07848232848232849 0.024285714285714285
31 0.8801975051975052 0.26857142857142857 0.09823284823284824 0.023571428571428573
59 0.9082655549369328 0.4991963748783082 0.1221532577383251 0.04983149328737584
24 0.9077442827442828 0.21946428571428572 0.09823284823284824 0.023928571428571428
66 0.922037422037422 0.5467857142857143 0.11850311850311851 0.024285714285714285
38 0.9222972972972973 0.3148214285714286 0.10654885654885655 0.019642857142857142
116 0.9207380457380457 0.8882142857142857 0.08471933471933472 0.027857142857142858
97 0.9337318087318087 0.7207142857142858 0.0816008316008316 0.03571428571428571
43 0.9386694386694386 0.6789285714285714 0.08731808731808732 0.03642857142857143
57 0.9675155925155925 0.5982142857142857 0.06496881496881497 0.02142857142857143
0 0.12967931934287624 0.0740846707267993 0.18251335591156218 0.054509921894157674
10 0.6909843608474292 0.12049176639344704 0.14070862075863458 0.04419723396823596
12 0.09297272262323245 0.17794817055215378 0.10910016247227461 0.047143716232785036
22 0.6848665947274887 0.22140878395425245 0.09380574717242306 0.039777510571412336
27 0.3850960548503976 0.28033842924523367 0.11215904553224493 0.05156343962960862
33 0.25152502298018825 0.32822004338944105 0.15534409390342577 0.04951322892168403
34 0.42486153463001175 0.3304286277425678 0.08972723642579597 0.04272399283596137
36 0.6654936686810099 0.32011593981664604 0.13459085463869383 0.03683102830686326
42 0.4890980788893884 0.3738892411446665 0.09176649179910942 0.04125075170368689
50 0.5079611910925388 0.4269259219065496 0.10706090709896118 0.04419723396823596
61 0.20717102352879088 0.5617274855096692 0.08870760873913917 0.03977751057141238
68 0.260191663234943 0.6037148577794933 0.14784601456523191 0.03830426943913788
72 0.7332989098436853 0.6015049960810815 0.11113941784558805 0.045670475100510456
79 0.5849430814351251 0.6479120917477292 0.09584500254573657 0.03241130491003972
80 0.6899647331607726 0.6449656094831802 0.09176649179910955 0.03241130491003972
85 0.47992142970947743 0.6972656696789261 0.13866936538532112 0.05156343962960862
92 0.3137221167844236 0.7407262830810248 0.09176649179910949 0.041250751703686875
107 0.45494055138638656 0.8372235772450064 0.10910016247227465 0.045670475100510456
42 0.5890215921817522 0.8902602580068897 0.09788425791905007 0.045670475100510456
