136 0.09295499021526418 0.6311728395061729 0.1086105675146771 0.14506172839506173
129 0.08806262230919765 0.42746913580246915 0.0812133072407045 0.12037037037037036
123 0.09809197651663405 0.18518518518518517 0.07974559686888454 0.1728395061728395
130 0.20499021526418787 0.44830246913580246 0.07729941291585127 0.11882716049382716
119 0.23654598825831702 0.21604938271604937 0.13845401174168298 0.11728395061728394
125 0.4224559686888454 0.20910493827160495 0.19324853228962818 0.13734567901234568
138 0.40362035225048926 0.6952160493827161 0.04207436399217221 0.08179012345679013
132 0.4437377690802348 0.4783950617283951 0.09197651663405088 0.09567901234567901
139 0.5100293542074364 0.6975308641975309 0.10029354207436399 0.09259259259259259
133 0.5802348336594912 0.46064814814814814 0.12818003913894324 0.125
126 0.5834148727984344 0.2152777777777778 0.11399217221135029 0.125
140 0.6455479452054794 0.7299382716049383 0.09344422700587084 0.12037037037037036
127 0.7167318982387475 0.2052469135802469 0.12915851272015655 0.16049382716049382
135 0.836839530332681 0.46296296296296297 0.1394324853228963 0.14506172839506173
128 0.8576934876158115 0.2309848513140369 0.09686463023239322 0.16205652455019845
131 0.3279969043976184 0.45418088285362834 0.11419830090555842 0.16647624794702198
134 0.6996511961840117 0.47627949983774637 0.08870760873913916 0.15763680115337475
137 0.21022990658876126 0.6420191272186312 0.08462909799251207 0.1679494890792965
141 0.7542012774201492 0.7289403540228285 0.10400202403899063 0.144377630962904
