21 0.08897900763358779 0.17597239648682558 0.16459923664122136 0.033249686323713924
53 0.07299618320610687 0.4013488080301129 0.12786259541984732 0.02164366373902133
113 0.05564876097581968 0.6824027603513174 0.06458484081194892 0.025477382623935677
126 0.08110687022900763 0.7645859473023839 0.14026717557251908 0.03168130489335006
0 0.08229961832061068 0.06696988707653702 0.14169847328244276 0.031053952321204517
29 0.07467858680155331 0.2235098823058527 0.1325689492340493 0.04092643590995495
133 0.058444656488549615 0.8066185696361355 0.09303435114503816 0.026662484316185696
37 0.06273854961832061 0.26411543287327477 0.09875954198473283 0.024466750313676285
45 0.08301526717557252 0.30065872020075285 0.13931297709923665 0.034190715181932244
60 0.05104961832061069 0.502038895859473 0.07442748091603053 0.021016311166875783
106 0.08039122137404581 0.6475846925972396 0.12833969465648856 0.02478042659974906
61 0.059637404580152674 0.4317754077791719 0.08492366412213741 0.016624843161856962
91 0.050811068702290074 0.5606963613550816 0.06440839694656489 0.03732747804265998
119 0.08420801526717557 0.7250627352572145 0.12643129770992367 0.024153074027603513
8 0.09255725190839695 0.10461104140526976 0.14026717557251908 0.025407779171894605
68 0.08401592872416275 0.46837213860299054 0.12463262818745267 0.036220585596200755
15 0.0982824427480916 0.14507528230865746 0.14885496183206107 0.022271016311166875
77 0.1941793893129771 0.5047051442910917 0.1436202571244431 0.033877038895859475
92 0.15339127045286485 0.5770075282308657 0.0998117871833146 0.016301206617796167
42 0.17880706393637225 0.6876406145651509 0.08216976138867663 0.040131953008041954
62 0.16698473282442747 0.4349121706398996 0.09351145038167939 0.016624843161856962
38 0.1760496183206107 0.27148682559598497 0.0868320610687023 0.019761606022584692
134 0.1719942748091603 0.8111668757841907 0.0691793893129771 0.026348808030112924
54 0.2344942748091603 0.40338770388958595 0.16459923664122136 0.01944792973651192
30 0.2069229614381786 0.22710680727635504 0.09844253910003475 0.01971681024427063
69 0.2006202290076336 0.472396486825596 0.07108778625954199 0.01756587202007528
1 0.20679399226566184 0.06979297365119198 0.06481578172529903 0.03146277630249509
127 0.2219327332842163 0.7734899019344758 0.10731366772618768 0.04080588071903754
120 0.23139312977099236 0.7288268506900878 0.11068702290076336 0.0417189460476788
46 0.22089694656488548 0.3136762860727729 0.08301526717557252 0.03450439146800502
22 0.22089694656488548 0.18491217063989962 0.07729007633587787 0.027917189460476787
9 0.22829198473282442 0.11072772898368884 0.08635496183206107 0.01944792973651192
16 0.24188931297709923 0.15103513174404015 0.10687022900763359 0.025407779171894605
107 0.229513877290042 0.6507192957917219 0.1135007493547637 0.02299697166601889
93 0.2814885496183206 0.5862609786700126 0.1316793893129771 0.02258469259723965
39 0.2681297709923664 0.27478042659974905 0.07347328244274809 0.015683814303638646
135 0.30200381679389315 0.8177540777917189 0.1364503816793893 0.030740276035131745
63 0.2824427480916031 0.4382057716436638 0.09938164755856548 0.023552792199546806
2 0.28888358778625955 0.0763801756587202 0.08349236641221373 0.01725219573400251
115 0.3685591603053435 0.6938519447929736 0.22089694656488548 0.026348808030112924
70 0.2972328244274809 0.47647427854454205 0.07347328244274809 0.013174404015056462
31 0.3270515267175573 0.23635508155583437 0.08540076335877862 0.022271016311166875
47 0.33086832061068705 0.3230865746549561 0.09112595419847329 0.02383939774153074
23 0.31937087223526406 0.19203410330588877 0.07687830928476032 0.019447929736511924
108 0.34770603482850204 0.6594254324799256 0.08839542668582359 0.018471276462297896
78 0.34603496884744955 0.5136449184441656 0.08025194610598953 0.020264006757728627
10 0.36211832061068705 0.11543287327478043 0.09064885496183206 0.015056461731493099
17 0.38406488549618323 0.1587202007528231 0.12881679389312978 0.025721455457967377
121 0.37810114503816794 0.7405897114178168 0.11116412213740458 0.020075282308657464
128 0.3909828244274809 0.783249686323714 0.12452290076335878 0.02132998745294856
55 0.3723759541984733 0.4077791718946048 0.08635496183206107 0.01944792973651192
40 0.40219465648854963 0.28372020075282306 0.13358778625954199 0.032936010037641156
3 0.4353530534351145 0.07230238393977416 0.15028625954198474 0.029799247176913426
24 0.40458015267175573 0.19542032622333752 0.07633587786259542 0.01944792973651192
94 0.4208015267175573 0.5933186951066499 0.10687022900763359 0.019761606022584692
71 0.4172232824427481 0.48133626097867 0.0958969465648855 0.023525721455457966
64 0.45229007633587787 0.4436951066499373 0.14980916030534353 0.032936010037641156
32 0.4193702290076336 0.2383939774153074 0.07061068702290077 0.01819322459222083
136 0.44298664122137404 0.8226160602258469 0.09112595419847329 0.03230865746549561
48 0.4441793893129771 0.32136135508155583 0.09064885496183206 0.02917189460476788
109 0.4747137404580153 0.6648368883312421 0.11545801526717557 0.015370138017565873
79 0.46875 0.5222710163111669 0.09494274809160305 0.02132998745294856
56 0.47065839694656486 0.39758469259723966 0.08158396946564886 0.04360100376411543
11 0.4937977099236641 0.11527603513174405 0.11736641221374046 0.03544542032622334
122 0.5318301692764704 0.7421136609574362 0.10862838907329776 0.033830250470162596
25 0.5343511450381679 0.19620451693851945 0.15171755725190839 0.03042659974905897
129 0.5240935114503816 0.7823086574654956 0.09685114503816794 0.025094102885821833
33 0.5591603053435115 0.23462986198243413 0.16125954198473283 0.04015056461731493
18 0.541030534351145 0.15652446675031367 0.10782442748091603 0.025094102885821833
72 0.5508110687022901 0.48651191969887075 0.10448473282442748 0.015056461731493099
41 0.5412690839694656 0.27352572145545795 0.08444656488549618 0.03889585947302384
116 0.5467557251908397 0.7095357590966123 0.09541984732824428 0.018820577164366373
95 0.5486641221374046 0.5967691342534505 0.08969465648854962 0.026035131744040152
137 0.5417461832061069 0.8215181932245922 0.05677480916030534 0.04328732747804266
49 0.5644314897786199 0.32418511636068814 0.09873643451970933 0.050886285145126865
57 0.5603530534351145 0.40887703889585947 0.07681297709923664 0.019134253450439148
4 0.5663167938931297 0.07575282308657466 0.08396946564885496 0.019761606022584692
110 0.5827767175572519 0.6681304893350063 0.08540076335877862 0.016938519447929738
80 0.5901717557251909 0.5225846925972396 0.08301526717557252 0.018820577164366373
65 0.6326335877862596 0.4490276035131744 0.13263358778625955 0.022271016311166875
12 0.6240458015267175 0.11700125470514429 0.10877862595419847 0.015056461731493099
130 0.6376312910122057 0.7942888656472881 0.07417166718771721 0.027865892530104904
138 0.6235687022900763 0.8400250941028858 0.04770992366412214 0.01819322459222083
42 0.6607850213371387 0.2814298241009101 0.09620207020335006 0.039224522024689824
117 0.6870229007633588 0.7117314930991218 0.1650763358778626 0.01819322459222083
19 0.6524332061068703 0.1563676286072773 0.07967557251908397 0.02478042659974906
123 0.6581583969465649 0.7409033877038896 0.08730916030534351 0.029485570890840654
58 0.6610209923664122 0.40119196988707656 0.0892175572519084 0.0370138017565872
96 0.6717557251908397 0.6036700125470514 0.10687022900763359 0.019134253450439148
26 0.6617366412213741 0.1979297365119197 0.08301526717557252 0.015056461731493099
5 0.6686545801526718 0.07324341279799247 0.08158396946564886 0.013488080301129234
50 0.6974789150131329 0.32465495608532 0.11810647098220861 0.03301693064456845
73 0.6867843511450382 0.48760978670012545 0.09685114503816794 0.032936010037641156
111 0.7302003816793893 0.6747176913425345 0.14360687022900764 0.01631116687578419
81 0.6781965648854962 0.5210163111668757 0.03101145038167939 0.018820577164366373
34 0.7083846380190811 0.2391781681304894 0.06532676265165921 0.028503243127081874
139 0.7237595419847328 0.8426913425345044 0.09541984732824428 0.022898368883312422
13 0.7475415858639387 0.11771873054182001 0.11126354396630264 0.01819515285670749
20 0.7895992366412213 0.14789836888331243 0.183206106870229 0.029799247176913426
131 0.7509541984732825 0.8012860727728983 0.10591603053435114 0.02164366373902133
119 0.7757633587786259 0.75 0.12786259541984732 0.023212045169385194
66 0.7807729007633588 0.4498117942283563 0.11975190839694656 0.01756587202007528
59 0.7801007256075382 0.4039651053113763 0.11212878996827985 0.04573918897679422
43 0.7762421770746321 0.28240330011489934 0.07975196917087571 0.04634805915832079
6 0.8046278625954199 0.07779171894604768 0.1474236641221374 0.01756587202007528
27 0.7912690839694656 0.19040150564617314 0.11784351145038167 0.026348808030112924
82 0.8048664122137404 0.5261919698870765 0.14408396946564886 0.02164366373902133
57 0.785543893129771 0.4894918444165621 0.06345419847328244 0.02038895859473024
97 0.8048998929984769 0.5999266017528477 0.10691771222417223 0.03657694079508883
51 0.7946087786259542 0.32340025094102887 0.06536259541984733 0.01756587202007528
35 0.8225190839694656 0.23306148055207027 0.09637404580152671 0.028230865746549563
140 0.8282442748091603 0.8434755332496863 0.09255725190839695 0.028230865746549563
118 0.8582448923770283 0.7139098054666777 0.04914613967998527 0.026470159014855936
112 0.8952767175572519 0.6806775407779172 0.16650763358778625 0.026348808030112924
14 0.8604484732824428 0.11684441656210791 0.08826335877862596 0.014742785445420327
132 0.8687977099236641 0.8033249686323714 0.08492366412213741 0.01944792973651192
75 0.8919370229007634 0.4857277289836888 0.09875954198473283 0.019134253450439148
44 0.8802480916030534 0.284504391468005 0.06870229007633588 0.018820577164366373
60 0.8854991725822737 0.4089804335425553 0.08682034307993328 0.0273415012927833
52 0.8736550569105191 0.3190087829360101 0.06148048711939037 0.02333600763211775
67 0.8947681021261366 0.44615107344217886 0.09654919601654252 0.022738303884043493
125 0.9182590691620789 0.7528119568437176 0.11289024966510759 0.06236358011983789
28 0.9051622468457033 0.1864163358409117 0.0700327873661341 0.036522936804107335
98 0.9157919847328244 0.5977101631116688 0.09017175572519084 0.034190715181932244
141 0.9079198473282443 0.8393977415307403 0.07347328244274809 0.018820577164366373
36 0.9208015267175572 0.2360414052697616 0.08396946564885496 0.01725219573400251
7 0.9270038167938931 0.07512547051442911 0.08206106870229007 0.016624843161856962
83 0.11017972156253805 0.5342959633423874 0.18930392161283696 0.032462027926148974
84 0.27297350520818436 0.5421413764455316 0.08111181163167909 0.028893772680586863
85 0.4352482912526202 0.5536777872550159 0.1342437133324565 0.030342534246011924
86 0.5675959069391381 0.559858673860685 0.07887766207104793 0.03146633181067905
87 0.6593670330025689 0.5637919653370199 0.05764136843653494 0.032590129375346014
88 0.7389097059014852 0.5631641385544982 0.08055816944463148 0.02770973105104919
43 0.84248449518744 0.5626312591112089 0.07480401448430074 0.035170043257100866
90 0.9201655871519061 0.5604997413380512 0.061857165823556416 0.03730156103025838
99 0.10554719685294643 0.6081592824229181 0.14600951263306017 0.036360645276708
100 0.28069726347789886 0.6213400163357247 0.13067237895311687 0.033633596880954866
101 0.4257865480901625 0.6277031292591485 0.09938462624603261 0.040905725936296565
102 0.5168891221490257 0.6308846857208604 0.03742260617906173 0.02727048395753096
103 0.6049495354196939 0.6366608279587554 0.08157487915080107 0.036122510890837664
104 0.717466610110454 0.6380501553007106 0.08532544830715978 0.033343856206927126
105 0.8365471808248418 0.6408288099846213 0.10032772493259451 0.033343856206927217
