0 0.13343951329668055 0.05141240820195162 0.1630019120458891 0.07696185215011017
1 0.2631478914762533 0.053204539655035604 0.07845013041783457 0.07417750576216638
2 0.3617709125729597 0.06346313087746286 0.09862302109670645 0.06944277135181531
3 0.5057829376971276 0.05399366205676079 0.15802097698449546 0.06628628174491463
4 0.6352963764967893 0.054204415922565266 0.08128110060272493 0.05723192031244143
5 0.7381677694471132 0.05867565969697477 0.08890120378423047 0.06617440786126041
6 0.8607244289496595 0.056887162187210946 0.1384318744640159 0.06259741284173279
7 0.09871411079911237 0.12127307253870759 0.10795146173799419 0.041135442724567255
8 0.23016089068008172 0.12395581880335324 0.14478196044860397 0.035769950195275915
9 0.3622426791595099 0.12395581880335331 0.10414141014724154 0.039346945214803475
10 0.4686434402492246 0.11998344773683951 0.11288424710373622 0.05286417319894137
11 0.6079910067630614 0.12127307253870756 0.13589184007018096 0.055443422802677646
12 0.7410621289880455 0.10746396516849283 0.11501019801677574 0.04571026909046224
13 0.8600894203512005 0.11590758000941621 0.1143015477225821 0.05186642778315009
14 0.10442918818524141 0.18118773911579472 0.11176151332874697 0.05723192031244143
15 0.24730612283846903 0.17761074409626715 0.15367208082702707 0.04650093525385863
16 0.39399310908244933 0.17761074409626715 0.10668144454107657 0.042923940234331076
17 0.5317899749480067 0.16956250530233005 0.15113204643319192 0.033981452685512094
18 0.6670468064197288 0.17045675405721197 0.10414141014724143 0.035769950195275915
19 0.7704128662428306 0.16380163672605239 0.1111157978527928 0.04650105978767686
20 0.8928291840196959 0.1638016367260523 0.12300213070659445 0.04282638832093435
21 0.13046454072205182 0.2375254106733543 0.14351194325168642 0.044712437744094856
22 0.2657213721937739 0.2285829231245353 0.08128110060272517 0.03398145268551205
23 0.34954250719033414 0.2259001768598896 0.07366099742121952 0.028615960156220636
24 0.4428887711637762 0.22411167935012577 0.06985094583046686 0.032192955175748314
25 0.5540152758940641 0.21427494304642494 0.1397018916609335 0.04550307949933748
26 0.6848270471765747 0.22411167935012577 0.09906134135957115 0.039346945214803516
27 0.795318543308404 0.214274943046425 0.12192165090408755 0.044712437744094856
28 0.9000949620541044 0.20980369927201542 0.09779132416265365 0.04650093525385867
29 0.11141428276828812 0.2938630822309138 0.12827173688867544 0.053654925292913914
30 0.2460361056415514 0.29207458472115 0.10287139295032388 0.04292394023433111
31 0.3444624384026637 0.2876033409467405 0.0787410662088898 0.044712437744094814
32 0.4409837453683998 0.2858148434369768 0.07874106620888992 0.044712437744094856
33 0.5660804392647812 0.2813435996625672 0.1511320464331918 0.060808915331968985
34 0.7070523481226324 0.275083858378394 0.10795146173799419 0.041135442724567255
35 0.8137337926637095 0.2563046345258741 0.08001108340580754 0.05365492529291384
36 0.9153351684171155 0.2616701270551655 0.11049149613182924 0.04650093525385867
37 0.10061913659448869 0.3537777488080009 0.10414141014724154 0.04113544272456729
38 0.20857059833248284 0.34662375876894574 0.0965213069657359 0.048289432763622415
39 0.3050919052982188 0.3457295100140638 0.05588075666437342 0.03934694521480343
40 0.388913040294779 0.33857551997500873 0.10160137575340629 0.032192955175748356
41 0.512739716994243 0.3251617886517802 0.10795146173799411 0.05186642778314997
42 0.6079910067630614 0.3242675398968983 0.07493101461813714 0.028615960156220716
43 0.7127674255087617 0.3242675398968983 0.08128110060272493 0.035769950195275915
44 0.8003986120960744 0.3224790423871346 0.0660408942397141 0.04650093525385867
45 0.9013649792510219 0.3162193011029613 0.10541142734415894 0.05186642778314997
46 0.08982399042068924 0.3984901865520958 0.08509115219347776 0.055443422802677646
47 0.17174009962187314 0.40564417659115115 0.06096082545204388 0.05544342280267757
48 0.2625463292014799 0.39491319153256815 0.08001108340580754 0.048289432763622527
49 0.3666877393487215 0.39223044526792233 0.08763118658731298 0.05007793027338623
50 0.4892443988512678 0.39133619651304064 0.10414141014724154 0.04828943276362246
51 0.5819556542262511 0.3877592014935131 0.055880756664373546 0.044712437744094884
52 0.6587916946397645 0.3806052114544577 0.059690808255126196 0.044712437744094884
53 0.09172901621606565 0.47807832573658465 0.12446168529792279 0.05007793027338623
54 0.23587596806621092 0.47092433569752956 0.14351194325168648 0.042923940234331194
55 0.37748288552252085 0.47092433569752945 0.09398127257190075 0.05365492529291387
56 0.4651140721098339 0.4637703456584744 0.06604089423971422 0.053654925292913776
57 0.5508402329017703 0.45840485312918294 0.08255111779964257 0.04650093525385867
58 0.6429164796782949 0.44946236558036406 0.08128110060272484 0.057231920312441516
59 0.756583018802418 0.4414141267864268 0.11811159931333488 0.0554434228026775
60 0.8651694891388709 0.43873138052178123 0.07366099742121963 0.060808915331968985
61 0.950260641332349 0.4342601367473717 0.0660408942397141 0.06259741284173284
62 0.09236402481452444 0.5326274997843805 0.10795146173799415 0.04828943276362229
63 0.19460040916638952 0.528156256009971 0.0914412381780657 0.05007793027338623
64 0.3387473610165347 0.5227907634806795 0.15113204643319192 0.03934694521480355
65 0.4873393730558914 0.5192137684611517 0.10287139295032383 0.03934694521480355
66 0.6206911787322371 0.5147425246867422 0.1130315305256646 0.041135442724567324
67 0.7273726232733136 0.5049057883830415 0.08255111779964269 0.03934694521480355
68 0.8359590936097668 0.4897035595500493 0.1143015477225821 0.03398145268551213
69 0.9547057015215603 0.4914920570598131 0.08255111779964258 0.041135442724567255
70 0.07267875826230193 0.5746571912638295 0.07874106620888982 0.028615960156220716
71 0.17174009962187312 0.5800226837931208 0.10414141014724139 0.03934694521480355
72 0.3000118365105485 0.5719744449991838 0.10668144454107659 0.048289432763622374
73 0.4206634702177186 0.5692916987345382 0.09398127257190098 0.03934694521480363
57 0.5311549663495478 0.5692916987345382 0.09144123817806574 0.03576995019527583
75 0.6623374584330086 0.7399105180298846 0.09448150879095442 0.05625953331684165
60 0.7229275630841022 0.5594549624308373 0.0787410662088897 0.04471243774409489
77 0.841039162397437 0.534415997294144 0.13970189166093372 0.05186642778315001
79 0.06543262216917124 0.6279163280924324 0.10136810134657513 0.035769950195276
81 0.21365066712015318 0.630994862821389 0.03556048151369219 0.04471243774409489
82 0.30572691389667767 0.6265236190469796 0.1257317024948403 0.05007793027338639
83 0.4625740377159988 0.6095328927042237 0.16256220120545015 0.03398145268551213
84 0.6086260153615201 0.6122156389688693 0.09398127257190098 0.028615960156220636
85 0.732452692060984 0.6023789026651685 0.10795146173799419 0.026827462646456936
86 0.8442142053897308 0.5996961564005228 0.06477087704279648 0.05007793027338623
88 0.9635546534707489 0.5832916633338681 0.05948102816734828 0.041135442724567324
78 0.9534356843246424 0.5406757385783175 0.06985094583046675 0.028615960156220716
43 0.0828388958376426 0.6766015493203656 0.07874106620888992 0.035769950195275915
90 0.16856505662957919 0.6801785443398937 0.05715077386129105 0.046500935253858754
91 0.23841600246004593 0.6774957980752478 0.06477087704279648 0.037558447705039695
92 0.32033211166122966 0.6730245543008383 0.07620103181505465 0.03576995019527575
93 0.42510853040693 0.6676590617715469 0.09525128976881851 0.032192955175748356
94 0.5273449147587952 0.6578223254678461 0.07874106620888992 0.026827462646457016
95 0.6245012303229901 0.6542453304483185 0.07204607879927655 0.03254334113296045
96 0.7051473223272563 0.6533510816934365 0.08128110060272518 0.04292394023433103
97 0.8080187152775798 0.6506683354287909 0.0818722307991311 0.04471243774409497
98 0.9083500738340691 0.6327833603311529 0.0762010318150549 0.04471243774409497
99 0.10823923977599419 0.7257852308388703 0.14478196044860406 0.030404457665984576
100 0.23968601965696348 0.719525489554697 0.08255111779964264 0.035769950195276
101 0.33049224923657045 0.7213139870644607 0.06858092863354925 0.03219295517574843
102 0.39907317787011964 0.7132657482705237 0.038100515907527326 0.04113544272456718
103 0.4536839173375755 0.710583002005878 0.06350085984587896 0.05007793027338623
104 0.5508402329017703 0.7114772507607598 0.08763118658731307 0.04471243774409505
105 0.6518066000567178 0.7043232607217048 0.07112096302738449 0.05544342280267773
106 0.7870634315284399 0.6935922756631221 0.16129218400853257 0.04838310297007022
107 0.9280353403862911 0.6864382856240667 0.0977913241626534 0.038204895344564824
108 0.06505865508079653 0.7794401561317844 0.07366099742121958 0.037558447705039695
109 0.18063022000029616 0.7731804148476109 0.12192165090408759 0.04292394023433135
110 0.2885816817382903 0.7704976685829652 0.0685809286335493 0.044712437744094814
111 0.4054232638547077 0.7687091710732014 0.11938161651025249 0.04471243774409497
112 0.5698904908555341 0.7597666835243825 0.13589184007018076 0.037558447705039535
113 0.6905421245627038 0.755295439749973 0.06731091143663173 0.035769950195275915
42 0.7781733111500169 0.7454587034462723 0.07493101461813725 0.048289432763622374
115 0.9324804005755026 0.7374104646523352 0.17272233878079055 0.046500935253858594
116 0.06688232233514077 0.8319905799635026 0.04540193200597874 0.035769950195275915
118 0.26953142378452666 0.8232583451209972 0.053340722270538286 0.042923940234330875
119 0.35843262756875716 0.8205755988563516 0.09398127257190077 0.03398145268551213
120 0.4486038485499052 0.8035848725135956 0.07620103181505465 0.035769950195275915
121 0.5432201297202647 0.8044791212684774 0.07493101461813725 0.044712437744094814
122 0.6441864968752123 0.7955366337196583 0.09144123817806575 0.037558447705039695
123 0.729912657667149 0.7946423849647766 0.06223084264896135 0.04292394023433103
119 0.8232589216405909 0.7937481362098946 0.09652130696573602 0.044712437744094814
125 0.9470855983400547 0.7892768924354852 0.11049149613182946 0.046500935253858754
126 0.08982399042068927 0.8912212504920214 0.10795146173799419 0.05007793027338631
128 0.3260471890473589 0.877807519168793 0.09779132416265364 0.044712437744094814
129 0.4168534186269658 0.8751247729041471 0.06604089423971421 0.046500935253858754
131 0.5660804392647814 0.8688650316199739 0.0774710490119724 0.0554434228026778
132 0.6606967204351408 0.8626052903358006 0.08636116939039545 0.050077930273385994
133 0.7495979242193713 0.8518743052772179 0.0711209630273846 0.050077930273386154
134 0.8346890764128491 0.8563455490516272 0.06096082545204382 0.06617440786126048
135 0.9299403661816674 0.8482973102576904 0.10668144454107657 0.05365492529291387
136 0.05997858629312621 0.9511359170691083 0.09398127257190082 0.048289432763622527
138 0.19714044356022467 0.9493474195593445 0.05588075666437342 0.05186642778314993
137 0.13744963530509846 0.948453170804463 0.03302044711985705 0.05365492529291403
139 0.2625463292014801 0.9439819270300535 0.059690808255126244 0.05186642778315025
140 0.35081252438725163 0.9457704245398172 0.07366099742121952 0.06259741284173292
141 0.4459304140961785 0.9285913154718933 0.06813890177942548 0.04062934145976386
130 0.49567440758591974 0.8716671362825207 0.053390018371868235 0.04687957707737934
127 0.20202930654064455 0.8885144842947039 0.08305113968957273 0.05127453742838369
80 0.15171984119299234 0.6246300068856256 0.061315933938431766 0.034817726136322454
87 0.8993786485712897 0.591204989794756 0.02769106693993704 0.03481772613632253
117 0.15721119127048921 0.8314818916794419 0.11991662792440426 0.04576909930005997
75 0.6315945303065053 0.5604806163962014 0.07931934459024682 0.03862734439234701
