0 0.07983703079075381 0.09051040330949243 0.11905717229451958 0.049076929831607226
9 0.07570858157542355 0.15088623463453704 0.07652196208549432 0.034316647301443716
18 0.09113436123348018 0.2064238952536825 0.08645374449339208 0.032324058919803604
27 0.09361233480176212 0.24611292962356793 0.08149779735682819 0.03314238952536825
36 0.09636563876651982 0.30564648117839605 0.07488986784140969 0.03518821603927987
46 0.0927863436123348 0.3659983633387889 0.0644273127753304 0.03477905073649754
53 0.10517621145374449 0.4455810147299509 0.08700440528634361 0.027004909983633387
64 0.12527533039647576 0.4940671031096563 0.1261013215859031 0.04541734860883797
73 0.1032488986784141 0.545417348608838 0.07544052863436124 0.03518821603927987
101 0.10682819383259912 0.7062193126022913 0.07378854625550661 0.030278232405891982
83 0.1428964757709251 0.5996317512274959 0.1393171806167401 0.04459901800327332
92 0.10572687224669604 0.650163666121113 0.0605726872246696 0.020458265139116204
110 0.10903083700440529 0.7532733224222586 0.0671806167400881 0.03355155482815057
118 0.10545154185022027 0.8113747954173486 0.049008810572687224 0.02618657937806874
137 0.10903083700440529 0.910392798690671 0.04955947136563876 0.04091653027823241
127 0.125 0.8569967266775778 0.07929515418502203 0.03723404255319149
10 0.16272026431718062 0.1421849427168576 0.0919603524229075 0.022504091653027823
47 0.16409691629955947 0.36661211129296234 0.06277533039647577 0.031914893617021274
138 0.16216960352422907 0.9177577741407529 0.03909691629955947 0.019639934533551555
119 0.1941079295154185 0.814443535188216 0.10077092511013216 0.02823240589198036
19 0.17483480176211455 0.20253682487725042 0.06002202643171806 0.027004909983633387
1 0.17180616740088106 0.08203764320785598 0.05286343612334802 0.03314238952536825
93 0.200715859030837 0.6556873977086743 0.10517621145374449 0.02823240589198036
28 0.1808920704845815 0.24754500818330605 0.05671806167400881 0.027823240589198037
37 0.1825440528634361 0.31239770867430444 0.06002202643171806 0.027414075286415714
57 0.18915198237885464 0.5527823240589198 0.07323788546255507 0.027004909983633387
102 0.17180616740088106 0.6970130932896891 0.031938325991189426 0.032324058919803604
111 0.21338105726872247 0.7608428805237316 0.11068281938325991 0.029869067103109655
54 0.20980176211453744 0.44373977086743044 0.10022026431718062 0.022504091653027823
128 0.2290748898678414 0.8702945990180033 0.07268722466960352 0.028641571194762683
103 0.236784140969163 0.7056055646481179 0.07599118942731277 0.026595744680851064
139 0.23403083700440527 0.9261456628477905 0.05947136563876652 0.03150572831423895
2 0.2414647577092511 0.09247135842880523 0.0710352422907489 0.031096563011456628
65 0.2538546255506608 0.5006137479541735 0.09361233480176212 0.03150572831423895
48 0.24394273127753305 0.36538461538461536 0.06277533039647577 0.029459901800327332
20 0.27422907488986786 0.19476268412438624 0.10572687224669604 0.04582651391162029
11 0.26294052863436124 0.13788870703764322 0.07984581497797356 0.045008183306055646
84 0.2665198237885463 0.6063829787234043 0.08370044052863436 0.02618657937806874
38 0.25523127753303965 0.3058510638297872 0.06002202643171806 0.020049099836333878
29 0.2745044052863436 0.2551145662847791 0.0908590308370044 0.02823240589198036
75 0.27340308370044053 0.54930441898527 0.06993392070484582 0.025777414075286414
120 0.2959801762114537 0.8064648117839607 0.06883259911894272 0.0425531914893617
94 0.30231277533039647 0.6560965630114566 0.07158590308370044 0.02414075286415712
129 0.3069933920704846 0.8619067103109657 0.07213656387665199 0.035597381342062195
55 0.3012114537444934 0.44639934533551556 0.05947136563876652 0.027823240589198037
140 0.30947136563876654 0.9296235679214403 0.06167400881057269 0.03764320785597381
3 0.34884361233480177 0.08449263502454991 0.1305066079295154 0.04050736497545008
112 0.35159691629955947 0.7618657937806874 0.12940528634361234 0.031096563011456628
104 0.325715859030837 0.7084697217675942 0.0710352422907489 0.02823240589198036
49 0.3381057268722467 0.3567921440261866 0.08700440528634361 0.044189852700491
39 0.3229625550660793 0.30953355155482815 0.05011013215859031 0.027414075286415714
60 0.33865638766519823 0.5511456628477905 0.053964757709251104 0.027004909983633387
66 0.3560022026431718 0.4940671031096563 0.07323788546255507 0.023322422258592473
12 0.36976872246696035 0.13481996726677578 0.08645374449339208 0.03887070376432079
85 0.38904185022026433 0.6024959083469722 0.10077092511013216 0.029869067103109655
56 0.3656387665198238 0.4349427168576105 0.05286343612334802 0.03927986906710311
30 0.37307268722466963 0.2493862520458265 0.06662995594713657 0.021685761047463174
21 0.39895374449339205 0.19005728314238954 0.10737885462555066 0.03887070376432079
95 0.381057268722467 0.6495499181669394 0.06277533039647577 0.049509001636661214
121 0.38518722466960353 0.8177168576104746 0.06332599118942732 0.032324058919803604
130 0.38573788546255505 0.8731587561374795 0.05781938325991189 0.02618657937806874
141 0.38794052863436124 0.9281914893617021 0.06222466960352423 0.030687397708674305
40 0.418226872246696 0.3087152209492635 0.09636563876651982 0.02905073649754501
105 0.4168502202643172 0.7111292962356792 0.07819383259911894 0.028641571194762683
77 0.44383259911894274 0.5437806873977087 0.12665198237885464 0.0425531914893617
50 0.43942731277533037 0.3647708674304419 0.08370044052863436 0.03150572831423895
67 0.4485132158590308 0.4928396072013093 0.08314977973568281 0.018412438625204582
57 0.4457599118942731 0.44476268412438624 0.06662995594713657 0.02618657937806874
31 0.45484581497797355 0.2522504091653028 0.06828193832599119 0.02905073649754501
4 0.45870044052863435 0.09124386252045827 0.07158590308370044 0.03273322422258593
96 0.4620044052863436 0.6565057283142389 0.07158590308370044 0.02823240589198036
13 0.46833700440528636 0.1417757774140753 0.08094713656387666 0.02823240589198036
131 0.46640969162995594 0.8754091653027823 0.07709251101321586 0.030687397708674305
122 0.4801762114537445 0.8101472995090017 0.09361233480176212 0.044189852700491
113 0.4647577092511013 0.7669803600654664 0.06167400881057269 0.035597381342062195
86 0.4856828193832599 0.594721767594108 0.06167400881057269 0.032324058919803604
22 0.5005506607929515 0.18576104746317512 0.06607929515418502 0.040098199672667756
106 0.5412995594713657 0.7129705400981997 0.13325991189427314 0.03314238952536825
41 0.5203744493392071 0.2909165302782324 0.07048458149779736 0.036824877250409165
58 0.5250550660792952 0.4357610474631751 0.06552863436123348 0.0425531914893617
51 0.5247797356828194 0.3578150572831424 0.06167400881057269 0.03641571194762684
32 0.5313876651982379 0.24877250409165302 0.06277533039647577 0.028641571194762683
68 0.552863436123348 0.49140752864157117 0.10242290748898679 0.020458265139116204
5 0.5404735682819384 0.080810147299509 0.06773127753303965 0.020867430441898527
42 0.5436400616637752 0.7625524914905321 0.06714070396110138 0.043987718477797394
97 0.5490088105726872 0.6487315875613748 0.08039647577092511 0.046235679214402615
78 0.549284140969163 0.5464402618657938 0.05781938325991189 0.026595744680851064
132 0.5520374449339207 0.8747954173486089 0.06002202643171806 0.027004909983633387
14 0.5627753303964758 0.13338788870703763 0.07709251101321586 0.019639934533551555
87 0.5611233480176211 0.5955400981996727 0.048458149779735685 0.047872340425531915
123 0.5770925110132159 0.8109656301145662 0.0671806167400881 0.04337152209492635
23 0.5892070484581498 0.19046644844517185 0.07709251101321586 0.02905073649754501
52 0.6007709251101322 0.35801963993453356 0.06167400881057269 0.028641571194762683
42 0.6131611805962727 0.2982485975043843 0.07490601865474426 0.0488892071150861
59 0.6227973568281938 0.4402618657937807 0.10242290748898679 0.04746317512274959
33 0.6550110132158591 0.23833878887070375 0.13711453744493393 0.03968903436988543
6 0.6434471365638766 0.07835515548281506 0.10848017621145374 0.030687397708674305
79 0.6263766519823789 0.5443944353518821 0.06993392070484582 0.027414075286415714
88 0.6316079295154186 0.5955400981996727 0.07599118942731277 0.04214402618657938
133 0.6365638766519823 0.872545008183306 0.08259911894273128 0.04378068739770868
98 0.6351872246696035 0.648936170212766 0.07213656387665199 0.03600654664484452
115 0.6806167400881057 0.7567512274959084 0.1486784140969163 0.03314238952536825
15 0.6720814977973568 0.12909165302782324 0.10737885462555066 0.02495908346972177
69 0.6528083700440529 0.49754500818330605 0.05892070484581498 0.028641571194762683
119 0.6814427312775331 0.8234451718494271 0.10627753303964757 0.030687397708674305
107 0.6643722466960352 0.7113338788870703 0.0710352422907489 0.026595744680851064
24 0.6764867841409692 0.18985270049099837 0.06222466960352423 0.027004909983633387
43 0.704295154185022 0.2917348608837971 0.07048458149779736 0.03600654664484452
80 0.7087004405286343 0.542962356792144 0.07048458149779736 0.02618657937806874
60 0.7144823788546255 0.44844517184942717 0.05231277533039647 0.031096563011456628
70 0.7287995594713657 0.49161211129296234 0.07213656387665199 0.020867430441898527
43 0.7334801762114538 0.5957446808510638 0.08149779735682819 0.041734860883797055
134 0.7221916299559471 0.8819558101472995 0.05781938325991189 0.03314238952536825
99 0.7582599118942731 0.6542553191489362 0.1277533039647577 0.027823240589198037
7 0.7508259911894273 0.07364975450081833 0.07433920704845814 0.02127659574468085
25 0.7844162995594713 0.17962356792144027 0.12389867841409692 0.038461538461538464
108 0.7645925110132159 0.7086743044189853 0.06002202643171806 0.02536824877250409
16 0.7888215859030837 0.1266366612111293 0.08975770925110133 0.02823240589198036
34 0.7810874809678692 0.2340425531914893 0.07156955674849554 0.04504603198218583
125 0.8105726872246696 0.8193535188216039 0.11674008810572688 0.05360065466448445
44 0.7855176211453745 0.2956219312602291 0.05892070484581498 0.026595744680851064
61 0.7874449339207048 0.4439443535188216 0.0605726872246696 0.02127659574468085
81 0.7813876651982379 0.5388707037643208 0.030837004405286344 0.0220949263502455
116 0.7979074889867841 0.7704582651391162 0.06387665198237885 0.028641571194762683
135 0.825715859030837 0.8786824877250409 0.09966960352422907 0.04214402618657938
71 0.8158039647577092 0.493657937806874 0.06883259911894272 0.02495908346972177
90 0.8163546255506607 0.5936988543371523 0.058920704845814985 0.04307857635143097
8 0.8615088105726872 0.0722176759410802 0.12389867841409692 0.02905073649754501
109 0.8747246696035242 0.7105155482815058 0.11949339207048458 0.030687397708674305
82 0.8733480176211453 0.5456219312602292 0.11343612334801761 0.025777414075286414
35 0.8780286343612335 0.2246317512274959 0.10517621145374449 0.040098199672667756
45 0.8821585903083701 0.28518821603927985 0.10352422907488987 0.0425531914893617
62 0.8700440528634361 0.4461947626841244 0.07819383259911894 0.027414075286415714
100 0.8865638766519823 0.6558919803600655 0.10352422907488987 0.02618657937806874
117 0.8956497797356828 0.7722995090016367 0.11398678414096916 0.032324058919803604
17 0.8942731277533039 0.11722585924713584 0.09140969162995595 0.020867430441898527
72 0.9011563876651982 0.49427168576104746 0.07764317180616741 0.0220949263502455
91 0.9006057268722467 0.5943126022913257 0.06993392070484582 0.04050736497545008
26 0.8970264317180616 0.17798690671031098 0.06167400881057269 0.020458265139116204
126 0.9256607929515418 0.8162847790507365 0.09251101321585903 0.031914893617021274
136 0.9275881057268722 0.8833878887070377 0.07433920704845814 0.029459901800327332
63 0.9449339207048458 0.44455810147299507 0.06167400881057269 0.029869067103109655
