9 0.043621013133208264 0.12214983713355049 0.08067542213883679 0.03715208484928973
17 0.0662080643305236 0.166400092108509 0.11116322701688558 0.038715285662050236
26 0.0525328330206379 0.21416938110749187 0.08348968105065666 0.018729641693811076
83 0.10201688555347092 0.5692182410423453 0.16557223264540338 0.04315960912052117
35 0.06801125703564728 0.25814332247557004 0.09380863039399624 0.033387622149837134
72 0.06894934333958726 0.5173045602605864 0.08818011257035649 0.03865574709594156
62 0.07129455909943716 0.46661237785016296 0.0900562851782364 0.04161818699311029
45 0.0877110694183865 0.30985342019543977 0.12195121951219512 0.046416938110749185
107 0.07903377110694183 0.7243485342019546 0.09333958724202626 0.038172945930934656
42 0.06907007239564322 0.7795506597938076 0.0769131687097892 0.045772579770607995
128 0.0877110694183865 0.8861970684039088 0.09568480300187618 0.02728013029315961
99 0.1083489681050657 0.6779315960912052 0.1360225140712946 0.03593895864764066
53 0.09896810506566604 0.4199918566775244 0.11632270168855537 0.04327040449818003
90 0.08090994371482177 0.6292752442996743 0.07082551594746717 0.019951140065146578
121 0.07973733583489681 0.8346905537459284 0.0675422138836773 0.044030025479716475
136 0.09709193245778612 0.930985342019544 0.08724202626641651 0.037866449511400654
0 0.06869351689982015 0.06305262721376069 0.14620724030085902 0.04709584624732257
10 0.18151969981238275 0.12337133550488599 0.12664165103189493 0.04256708061247541
27 0.17424953095684803 0.21355863192182412 0.10647279549718575 0.03216612377850163
63 0.15525328330206378 0.4696661237785017 0.06566604127579738 0.03908005994148999
122 0.1837084765916611 0.8285568792529144 0.09034728929325574 0.047598634204584093
36 0.17284240150093808 0.2689332247557003 0.07551594746716699 0.023208469055374593
73 0.1775328330206379 0.509771986970684 0.07363977485928705 0.038273615635179156
18 0.19652908067542219 0.17217314838639913 0.09568480300187619 0.039540641904123645
129 0.19230769230769232 0.875 0.08067542213883677 0.03501628664495114
1 0.1848030018761726 0.058021172638436494 0.06191369606003752 0.047662440752203473
137 0.18175422138836772 0.9315960912052117 0.038930581613508444 0.041530944625407164
46 0.2047373358348968 0.3114820846905538 0.07457786116322701 0.03501628664495114
54 0.22748592870544093 0.4234527687296417 0.11444652908067543 0.03631929309392653
108 0.21759679898788153 0.7302524429967426 0.09063445423590764 0.02965547533549487
91 0.18153490089205807 0.6203175895765473 0.09278056183071544 0.0492671009771987
100 0.26149155722326456 0.6789495114006515 0.12711069418386492 0.03867425687844624
64 0.27861163227016883 0.46172638436482083 0.11538461538461539 0.04560260586319218
115 0.2278204225551944 0.7759030528224932 0.17634993461878287 0.0530819619060824
138 0.2446060037523452 0.9438110749185668 0.037054409005628515 0.01710097719869707
2 0.275797373358349 0.07043973941368079 0.0900562851782364 0.042608911788527944
37 0.2673545966228893 0.2701547231270358 0.0675422138836773 0.0248371335504886
57 0.26500938086303943 0.5175081433224755 0.06003752345215761 0.03824726100295713
28 0.2802532833020638 0.21763029315960913 0.08958724202626642 0.030537459283387622
92 0.276266416510319 0.6215390879478827 0.0703564727954972 0.03785837392759886
123 0.29221388367729834 0.8298045602605864 0.08348968105065666 0.03745928338762215
130 0.300187617260788 0.8855863192182413 0.07786116322701689 0.03984399517674814
11 0.3149624765478424 0.12296416938110749 0.10459662288930581 0.04723127035830619
47 0.29432457786116323 0.32084690553745926 0.05675422138836773 0.028501628664495113
19 0.3067542213883677 0.17447068403908794 0.07786116322701689 0.03623778501628665
109 0.3576454033771107 0.7294381107491857 0.14774859287054412 0.04679503254601359
139 0.33067542213883677 0.9446254071661238 0.06848030018761726 0.024429967426710098
55 0.3452157598499062 0.4208061889250814 0.07973733583489682 0.03946887170650249
75 0.3562382739212008 0.5177117263843647 0.0802063789868668 0.042614522688429086
84 0.3557692307692308 0.5677931596091205 0.07645403377110695 0.029723127035830618
93 0.3942307692307693 0.6180781758957655 0.1346153846153846 0.036266162484962915
38 0.3649559259186159 0.2701547231270359 0.07129455909943716 0.02709469955745553
29 0.3943342361856478 0.22713646542867144 0.11679174484052536 0.03937899242530238
3 0.40112617970087255 0.06588818150712616 0.13203774013160452 0.05058230766533827
48 0.3799249530956848 0.31718241042345274 0.07973733583489681 0.03745928338762215
65 0.40658743285521753 0.46572531505761483 0.11210131332082554 0.04699887456320218
20 0.42120075046904315 0.17263843648208468 0.13227016885553472 0.03664495114006515
119 0.4289399624765479 0.8361156351791533 0.1402439024390244 0.04548727061112721
101 0.37714516556012684 0.6714480539306155 0.07475147608378595 0.046555689385761295
12 0.425422138836773 0.12235342019543974 0.10412757973733583 0.035423452768729644
131 0.40661245853216604 0.8829397394136808 0.07804486795773244 0.04104564617143017
116 0.38058710991125116 0.7851265222472418 0.06099524032736043 0.048023182360610595
56 0.4312851782363977 0.4010586319218241 0.06894934333958724 0.05374592833876222
60 0.43269230769230776 0.5132328990228012 0.06613508442776737 0.03247991019164786
140 0.44535647279549717 0.9409609120521173 0.08583489681050657 0.024429967426710098
39 0.4568480300187618 0.2699511400651466 0.075046904315197 0.03327353962368334
102 0.4392589118198874 0.6622557003257329 0.0323639774859287 0.044381107491856676
49 0.4899155722326454 0.31026058631921827 0.10272045028142589 0.04234527687296417
117 0.5133677298311445 0.7815553745928339 0.14681050656660416 0.039365335949080385
85 0.5030487804878049 0.564942996742671 0.11210131332082551 0.028908794788273615
110 0.479127579737336 0.7259136466694768 0.05820789847015978 0.04332601135404243
103 0.5063320825515948 0.6746742671009773 0.07833020637898688 0.03395741151439657
30 0.5161819887429645 0.21783387622149833 0.09615384615384617 0.039715922098178286
77 0.5391651031894935 0.5046824104234527 0.12992495309568483 0.03295560335408141
66 0.5269699812382739 0.4588762214983713 0.10365853658536586 0.04528727909181642
57 0.5124296435272045 0.41205211726384366 0.07363977485928705 0.038428438588059596
94 0.5154784240150094 0.6150244299674267 0.07317073170731707 0.037848379261135316
4 0.5192307692307693 0.0728827361563518 0.07223264540337712 0.04146854699986737
132 0.5159474671669794 0.881514657980456 0.06378986866791744 0.028501628664495113
13 0.5320564760071875 0.12907166123778502 0.08724202626641654 0.04274753475933537
21 0.5565196998123827 0.16856677524429967 0.12617260787992496 0.039902280130293157
125 0.5895872420262664 0.823697068403909 0.1604127579737336 0.04787364629258144
40 0.5745778611632271 0.2664902280130293 0.12570356472795496 0.0248371335504886
141 0.5403377110694184 0.9440146579804557 0.06431838009834848 0.037449219682670315
111 0.5940401161234953 0.7337133550488599 0.13646030995098918 0.039091211591660395
104 0.5949812382739212 0.6767100977198697 0.08114446529080675 0.02687296416938111
50 0.6117834595963724 0.30758105567581 0.10607326546198106 0.05042221727696388
58 0.6029549718574109 0.3961726384364821 0.08114446529080675 0.041530944625407164
5 0.6064727954971857 0.06657166123778502 0.08442776735459663 0.046069442843685325
31 0.6156191369606004 0.22231270358306185 0.08114446529080675 0.03447612499550757
133 0.6384812665085706 0.8735749185667753 0.09964819058841276 0.0390231925081497
95 0.6156801167307463 0.6156877377927273 0.08261508198752573 0.06453649266454055
14 0.6369606003752345 0.12235342019543974 0.08630393996247657 0.03672915384500014
67 0.6393058161350844 0.4576547231270359 0.08255159474671671 0.03559702042463871
86 0.6374296435272045 0.5555781758957655 0.075046904315197 0.029723127035830618
78 0.6507973733583491 0.5089576547231272 0.057692307692307696 0.045618172787522844
118 0.6529080675422139 0.7807410423452769 0.051594746716697934 0.023208469055374593
22 0.6679174484052532 0.17304560260586319 0.07692307692307693 0.03745928338762215
41 0.7037992495309568 0.25508957654723124 0.09427767354596622 0.03868078175895766
105 0.7023921200750469 0.6726384364820847 0.0877110694183865 0.02687296416938111
96 0.6967636022514071 0.6093241042345277 0.062382739212007515 0.038311927913693304
6 0.7324108818011257 0.059242671009771986 0.13273921200750471 0.04551102328632883
32 0.7019230769230769 0.2182410423452769 0.07176360225140713 0.035860357444406105
59 0.723968105065666 0.39881921824104233 0.099906191369606 0.04356677524429967
51 0.7176360225140713 0.30781758957654726 0.06566604127579738 0.03501628664495114
79 0.7213883677298313 0.5046824104234527 0.0703564727954972 0.030721824097335
87 0.7202157598499062 0.5614820846905537 0.05956848030018762 0.029315960912052116
126 0.7516646044874007 0.8286998248970318 0.11934589659749882 0.03438244926295896
15 0.7585993889728633 0.11842722004763691 0.14606409427580583 0.03555628456988814
68 0.7417917448405256 0.4555461619631523 0.08864915572232647 0.04378672692031954
119 0.7693699275826811 0.78250168055079 0.11554821949739144 0.050895765472312705
134 0.7485928705440901 0.8721498371335505 0.06941838649155722 0.03908794788273615
23 0.7577392120075047 0.17609934853420195 0.07363977485928705 0.026465798045602607
112 0.7878942358711701 0.7259704304945569 0.1588116132062237 0.048894943063320026
33 0.8260735523896098 0.21744100635037478 0.13176205956936957 0.049912619977176866
88 0.799015009380863 0.5486563517915309 0.08677298311444653 0.033794788273615636
97 0.7966697936210131 0.6024022801302932 0.07457786116322701 0.031351791530944625
42 0.7967675405936167 0.26259314924079336 0.08236798518743459 0.04373461624857715
106 0.8623856513647713 0.6650997185199755 0.20214253966811008 0.05373688985927683
80 0.8060506566604129 0.5002035830618893 0.07363977485928705 0.04348676249193684
60 0.8135553470919327 0.40085504885993484 0.0698874296435272 0.039286411820900924
135 0.8846153846153846 0.8695032573289903 0.175422138836773 0.04275244299674267
52 0.8101334319037742 0.30918353753458766 0.07100184961857545 0.03425232688487391
127 0.9029080675422139 0.824714983713355 0.16604127579737335 0.03460912052117264
7 0.8517823639774861 0.06005700325732899 0.05909943714821764 0.05127875327621934
69 0.8324255579254957 0.44538060593849654 0.075214976547155 0.04232593903997057
16 0.8848499061913696 0.1180781758957655 0.09896810506566606 0.04138064266231358
81 0.8574108818011258 0.49592833876221487 0.030018761726078806 0.029104353069006945
98 0.8914165103189493 0.5956840390879479 0.0877110694183865 0.03501628664495114
43 0.8916510318949343 0.25956840390879476 0.07973733583489681 0.029723127035830618
25 0.930709226274533 0.16402571624300363 0.127931313267571 0.038273615635179156
61 0.9090056285178235 0.3912866449511401 0.0975609756097561 0.0545572471490737
43 0.9038461538461539 0.5470276872964169 0.06941838649155722 0.041938110749185666
70 0.902204502814259 0.44564332247557004 0.05112570356472796 0.03729055668696596
82 0.9383208255159474 0.49104234527687296 0.12335834896810506 0.029315960912052116
8 0.9404315196998125 0.052728013029315964 0.11913696060037525 0.046770723239649294
113 0.9231476789222441 0.7307187425957055 0.08536585365853659 0.03910941699683526
34 0.948298344473407 0.21376221498371337 0.06857159688590703 0.038338220105263485
71 0.9636491557223265 0.436685667752443 0.057692307692307696 0.03460912052117264
44 0.9739681050656662 0.2599755700325734 0.05206378986866792 0.03790029346299816
24 0.8372121092236874 0.1714755401546852 0.0562026452697489 0.029000430203486822
120 0.8892470237489651 0.7787080153098651 0.10738557745545002 0.05546155067369056
