138 0.03588631984585742 0.9586526181353767 0.06310211946050097 0.046597833937137165
53 0.07972061657032756 0.44380587484035755 0.13535645472061658 0.042512208469452376
128 0.06189788053949904 0.9035759897828862 0.09585741811175336 0.03927966362922149
95 0.05394990366088632 0.6971583652618135 0.0789980732177264 0.037994891443167304
39 0.05250481695568401 0.3049169859514687 0.07418111753371869 0.046781807883702585
69 0.059189564344856525 0.5446596100468281 0.0708092485549133 0.03973614564263273
62 0.0688824662813102 0.49441251596424 0.10115606936416184 0.044326603716826195
104 0.06864161849710983 0.7519157088122606 0.10067437379576108 0.04799189829098316
78 0.06454720616570328 0.5975415070242656 0.09152215799614642 0.03697708706626363
86 0.07105922149324018 0.645573738612175 0.09489402697495183 0.04396536913258867
15 0.0821290944123314 0.1529374201787995 0.12186897880539498 0.045229397898996375
30 0.06334296724470133 0.2551085568326948 0.08140655105973024 0.033025596238644477
22 0.06189788053949904 0.19763729246487868 0.07658959537572255 0.03065134099616858
48 0.06278403079960929 0.36220847679863766 0.07514450867052024 0.04230590121286745
112 0.10428709055876685 0.8026819923371646 0.1604046242774566 0.04235300214700243
0 0.08959537572254322 0.04718882675221458 0.12909441233140656 0.05560716058730021
120 0.078757225433526 0.85169220945083 0.10163776493256262 0.047207155336904776
139 0.12909441233140656 0.9588122605363983 0.08477842003853563 0.04983439555624156
70 0.13029865125240844 0.5474137931034481 0.061175337186897875 0.03456822573605199
96 0.15149325626204235 0.6976372924648785 0.08718689788053949 0.04285350162817439
40 0.16257225433526012 0.30651340996168575 0.09778420038535646 0.043577048716908685
49 0.17774566473988437 0.3548850574712643 0.12235067437379575 0.046311048400587966
129 0.14523121387283236 0.8975095785440611 0.05443159922928709 0.05522544321675503
23 0.17003853564547206 0.20003192848020432 0.1001926782273603 0.032675967824686375
79 0.16514433908477308 0.5941688854831841 0.08815028901734104 0.0366143127411639
31 0.16209055876685932 0.25239463601532564 0.08140655105973024 0.038112466096617705
8 0.19629094412331408 0.09945721583652617 0.1315028901734104 0.0386573232999993
63 0.18111753371868974 0.48700857215836507 0.09537572254335257 0.052057719804812934
87 0.16835260115606937 0.6535759897828862 0.05443159922928709 0.059853862799314594
121 0.18473025048169556 0.8508939974457215 0.08333333333333331 0.045547469851184345
54 0.226878612716763 0.43901660280970617 0.12716763005780346 0.041438841982504346
1 0.20416168012523542 0.03448275862068965 0.07273603082851637 0.04440294534258507
16 0.21796724470134876 0.14862707535121328 0.10067437379576108 0.039776294222668256
130 0.21893063583815028 0.9011813537675607 0.07369942196531792 0.04786136846397217
71 0.21941233140655103 0.5397509578544061 0.07369942196531792 0.046027308115397056
140 0.22543352601156066 0.9612068965517239 0.081888246628131 0.037878822663411894
113 0.2362309360403928 0.7988304435930179 0.08919151894991906 0.03581286850247271
88 0.25578034682080925 0.6352171136653894 0.10404624277456646 0.05049104616902091
97 0.2512042389210019 0.6885376756066411 0.08526011560693642 0.05041504891036662
80 0.26276493256262035 0.5897190293742016 0.08044315992292869 0.03840747142822017
41 0.26445086705202314 0.2972541507024265 0.08285163776493255 0.04432760186810827
32 0.2618015414258189 0.25191570881226055 0.0708092485549133 0.03907545102179278
24 0.2813102119460501 0.19955300127713918 0.0886319845857418 0.03061840658550446
106 0.29263005780346824 0.7474457215836526 0.10645472061657033 0.04626890114511951
122 0.30346820809248554 0.8453065134099615 0.10404624277456646 0.042518091773567294
50 0.3039499036608863 0.3526500638569604 0.10308285163776493 0.034802043422733075
64 0.3277938342967245 0.483397190293742 0.14691714836223504 0.0556145985029538
2 0.29985549132947975 0.04150702426564495 0.07851637764932562 0.04410836614106335
131 0.3008188824662813 0.902618135376756 0.07369942196531792 0.04854239986748929
72 0.3285163776493256 0.5387931034482758 0.11464354527938343 0.04081712894746743
9 0.31141618497109824 0.09786079182630904 0.07177263969171482 0.04525851682900313
42 0.3304431599229287 0.7986909323116219 0.08959537572254335 0.032726186269319266
141 0.31815992292870904 0.9568965517241381 0.06502890173410404 0.0465508398231076
17 0.3559730250481696 0.14671136653895275 0.13005780346820808 0.03631007429064059
98 0.3574181117533718 0.6845466155810982 0.09922928709055877 0.04773824556842426
33 0.3893645010212053 0.24568965517241353 0.14643545279383424 0.04814919663560479
55 0.35332369942196534 0.4361430395913154 0.06695568400770713 0.039873726994764776
42 0.36223506743737954 0.3037994891443167 0.08092485549132948 0.04189305456231976
81 0.335741811175337 0.5876436781609191 0.026011560693641612 0.053277550895658124
43 0.36295761078998073 0.6358556832694764 0.08044315992292869 0.04934409346369651
25 0.41353564547206156 0.19396551724137928 0.14402697495183045 0.041309920751668776
132 0.40085707894025896 0.8986270753512129 0.08911368015414259 0.04585829916756515
107 0.4036608863198458 0.7429757343550447 0.08670520231213873 0.0481029263416775
3 0.4369751214161903 0.039631577692635186 0.1478805394990366 0.048187311202405506
10 0.427504816955684 0.09450830140485313 0.11897880539499037 0.04484849253157727
82 0.426300578034682 0.5847701149425286 0.11078998073217725 0.041226634892477076
51 0.4096820809248554 0.3521711366538952 0.0688824662813102 0.030334183701649066
123 0.4164258188824662 0.8409961685823755 0.08236994219653179 0.040315810077390345
115 0.46483622350674375 0.7876756066411237 0.15703275529865124 0.04395320688581281
56 0.44412331406551053 0.42879948914431665 0.07418111753371869 0.05125089155712263
73 0.45688824662813105 0.5308109833971902 0.09874759152215798 0.04258771831800148
65 0.47808285163776487 0.4853128991060025 0.13053949903660886 0.04476586000075953
43 0.4580924855491329 0.29454022988505746 0.07418111753371869 0.053582560521694175
99 0.505057803468208 0.6858237547892719 0.15558766859344894 0.04858140747929206
90 0.46290944123314065 0.6352171136653896 0.06936416184971098 0.04351499462583019
133 0.4983140655105973 0.8931992337164749 0.09971098265895953 0.060304741763670906
18 0.498795761078998 0.14335887611749681 0.09971098265895953 0.03949513639180912
52 0.48627167630057794 0.3484792303107704 0.058285163776493246 0.03777081658494951
108 0.5149325626204239 0.7407407407407407 0.0838150289017341 0.038330145817823465
119 0.5285745202890278 0.840935775223499 0.11078998073217723 0.04757045421940255
34 0.5226396917148363 0.2495210727969348 0.055876685934489405 0.04417136123667759
57 0.5380539499036607 0.42911877394636 0.08574181117533718 0.05060375854484988
26 0.5366088631984586 0.1942848020434227 0.07996146435452794 0.037097512406740675
11 0.5553949903660886 0.0874840357598978 0.10597302504816955 0.04452028736471304
83 0.5869460500963392 0.5723180076628351 0.1690751445086705 0.037694684304505156
91 0.5414258188824663 0.6248403575989783 0.07610789980732176 0.03565611076144836
44 0.558766859344894 0.29741379310344823 0.07418111753371869 0.04429559960271296
57 0.5671965317919075 0.5287356321839081 0.08622350674373795 0.04347802071729861
4 0.5718590057225323 0.041048228182205174 0.07755298651252406 0.03806683703332466
116 0.5922447013487476 0.7923052362707536 0.07755298651252407 0.04178970448878582
66 0.6148071521868925 0.48054375819497636 0.11368015414258185 0.04008315416032043
19 0.5960982658959537 0.13809067688378027 0.06791907514450866 0.03195548904237277
134 0.5917630057803468 0.8924010217113666 0.05828516377649325 0.051216311492028106
35 0.6233140655105973 0.239463601532567 0.09922928709055877 0.050055103674051006
109 0.6329479768786127 0.7348339719029373 0.11368015414258187 0.046768911204959435
125 0.6654624277456648 0.8414750957854404 0.14210019267822732 0.03935417052242393
92 0.6406551059730249 0.6273946360153256 0.08670520231213873 0.03784345865281221
58 0.6483622350674374 0.42177522349936136 0.1001926782273603 0.05133399333893441
100 0.6553468208092486 0.6831098339719028 0.10741811175337188 0.05062090300019345
45 0.6696340809537625 0.29326309067688366 0.12186897880539496 0.052206093254282625
27 0.6623314065510597 0.18215197956577267 0.10115606936416184 0.04006446716569381
12 0.6747782504527885 0.08690585951468711 0.10163776493256262 0.045847958249477495
5 0.6640173410404624 0.035121328224776496 0.08140655105973024 0.039273657858257656
75 0.6705202312138728 0.5239463601532566 0.09152215799614642 0.03852775023751523
117 0.711946050096339 0.7887931034482759 0.14354527938342965 0.03813905510440761
135 0.6984585741811175 0.8919220945083013 0.11368015414258187 0.05230909295745312
20 0.7099420269460448 0.12595785440613022 0.12283236994219653 0.04618150807172684
84 0.7355491329479767 0.5692848020434227 0.09537572254335258 0.040210122006516594
36 0.7425337186897879 0.23994252873563215 0.09971098265895953 0.04212612923332197
67 0.744460500963391 0.47397828863346103 0.10067437379576108 0.03879102679628409
110 0.7328998073217725 0.7343550446998723 0.06695568400770713 0.05115120935366746
93 0.7658959537572253 0.6234035759897829 0.12716763005780346 0.056371279013062714
59 0.7716763005780347 0.41794380587484037 0.10982658959537572 0.038952745849297574
101 0.7596339113680154 0.6810344827586206 0.08574181117533718 0.040524613871833266
6 0.7761751676011506 0.03464240102171135 0.10886319845857419 0.0440932804639158
28 0.7697495183044315 0.1762452107279693 0.09826589595375722 0.03798836435763858
60 0.7665412562331354 0.5218710089399743 0.07032755298651251 0.035556378572890436
13 0.7887764932562621 0.08125798212005107 0.09874759152215798 0.04321766073879122
126 0.8070809248554913 0.8360472541507021 0.12475915221579961 0.05748779901098438
46 0.7821963622061606 0.29246487867177506 0.059248554913294796 0.05023147071650463
136 0.8150289017341039 0.8917624521072796 0.0905587668593449 0.05950010551228003
111 0.8487475915221578 0.7305236270753511 0.1416184971098266 0.05194925266063911
21 0.8577410859247109 0.12021072796934862 0.15350126102649564 0.04317932097578694
85 0.863198458574181 0.5651340996168581 0.12042389210019266 0.048548272489790066
37 0.8454529634200437 0.23724873903788846 0.08429672447013485 0.03677265246392966
77 0.8887283236994218 0.5111749680715196 0.16281310211946048 0.04634210166081438
118 0.840077071290944 0.7846424010217112 0.061657032755298644 0.0395118119547647
68 0.8699330713776651 0.46693389186888024 0.12620423892100194 0.03887787289412275
102 0.8364643545279383 0.6711366538952744 0.029383429672447014 0.053074682674557117
47 0.8622350674373794 0.2894316730523627 0.07610789980732176 0.049341490876399934
29 0.8935452793834295 0.17560664112388247 0.12909441233140656 0.03911105539115667
60 0.8716281310211945 0.41650702426564495 0.0688824662813102 0.04057676873380874
94 0.8961946050096338 0.6197318007662835 0.09874759152215798 0.053049561657921226
7 0.8875240847784199 0.034802043422733075 0.07466281310211945 0.04704847875795167
103 0.9065510597302504 0.6749680715197955 0.10597302504816955 0.038437430022385165
14 0.9041425818882466 0.07646871008939975 0.09248554913294797 0.03470438688662606
119 0.9352891869267875 0.7810900059599826 0.11560693641618495 0.0498864492522805
127 0.9152215799614644 0.8354086845466154 0.07225433526011561 0.055093077474686634
137 0.9155396686223557 0.8911842758620688 0.0674373795761079 0.05378496933048089
38 0.9388246628131021 0.22924648786717752 0.08092485549132948 0.045364771888197895
61 0.9527938342967245 0.4128352490421455 0.07514450867052024 0.04407905679994485
105 0.1782861686255656 0.7528955772634636 0.09691848923582876 0.060272802698918264
