141 0.078125 0.9650837988826816 0.08870967741935484 0.023277467411545624
119 0.09803427419354839 0.8661545623836127 0.11743951612903226 0.02281191806331471
117 0.10962701612903226 0.8156424581005587 0.13256048387096775 0.0260707635009311
93 0.1028225806451613 0.6703910614525139 0.11693548387096774 0.0260707635009311
101 0.08820564516129033 0.7150837988826816 0.08568548387096774 0.024208566108007448
0 0.10987903225806452 0.0633147113594041 0.12600806451612903 0.036312849162011177
84 0.09375 0.6205772811918063 0.09173387096774194 0.023277467411545624
53 0.11542338709677419 0.42900372439478585 0.1310483870967742 0.021880819366852888
60 0.08316532258064516 0.5714618249534451 0.05846774193548387 0.020018621973929236
9 0.09349798387096774 0.10940409683426443 0.07409274193548387 0.0223463687150838
25 0.13230846774193547 0.19553072625698323 0.14868951612903225 0.035381750465549346
17 0.11038306451612903 0.15526070763500932 0.10383064516129033 0.031191806331471134
33 0.125 0.24394785847299813 0.1280241935483871 0.03165735567970205
10 0.19027217741935484 0.10986964618249534 0.1184475806451613 0.021415270018621976
102 0.1537298387096774 0.7150837988826816 0.04032258064516129 0.023277467411545624
94 0.21219758064516128 0.6722532588454376 0.09979838709677419 0.020484171322160148
85 0.22253024193548387 0.6229050279329609 0.1184475806451613 0.0223463687150838
18 0.23563508064516128 0.15758845437616387 0.11139112903225806 0.02653631284916201
69 0.21950604838709678 0.5258379888268156 0.07106854838709678 0.023743016759776536
54 0.2532762096774194 0.4304003724394786 0.13256048387096775 0.02281191806331471
26 0.2439516129032258 0.20414338919925512 0.07358870967741936 0.02094972067039106
63 0.2852822580645161 0.4820763500931099 0.0846774193548387 0.029329608938547486
11 0.30670362903225806 0.10544692737430168 0.10735887096774194 0.038640595903165736
43 0.29838709677419356 0.2942271880819367 0.07963709677419355 0.0297951582867784
95 0.31350806451612906 0.6685288640595903 0.09979838709677419 0.035381750465549346
70 0.3157762096774194 0.5277001862197392 0.1003024193548387 0.02281191806331471
86 0.3172883064516129 0.61987895716946 0.07006048387096774 0.034916201117318434
35 0.3392137096774194 0.24697392923649908 0.1028225806451613 0.03026070763500931
19 0.3397177419354839 0.15665735567970204 0.06653225806451613 0.023743016759776536
55 0.36683736154849955 0.4260472273568533 0.06984731709511748 0.03910614525139665
3 0.40524193548387094 0.05819366852886406 0.13407258064516128 0.030726256983240222
44 0.38860887096774194 0.29725325884543763 0.08669354838709678 0.02281191806331471
64 0.43951612903225806 0.4743947858472998 0.17842741935483872 0.04189944134078212
12 0.4284274193548387 0.1005586592178771 0.10685483870967742 0.036312849162011177
79 0.41795791479763666 0.5734872232949157 0.08221901391696906 0.027001862197392923
71 0.42943548387096775 0.5253724394785847 0.10383064516129033 0.029329608938547486
36 0.4412802419354839 0.25139664804469275 0.09929435483870967 0.0186219739292365
105 0.46244959677419356 0.714851024208566 0.1063508064516129 0.02094972067039106
127 0.4987399193548387 0.8596368715083799 0.09526209677419355 0.03212290502793296
72 0.5420866935483871 0.5223463687150838 0.11945564516129033 0.028864059590316574
13 0.538054435483871 0.1063780260707635 0.109375 0.021880819366852888
57 0.547883064516129 0.42248603351955305 0.0846774193548387 0.02281191806331471
29 0.579133064516129 0.20600558659217877 0.1280241935483871 0.027467411545623835
121 0.5705645161290323 0.8133147113594041 0.09576612903225806 0.023277467411545624
106 0.6085602102155659 0.7064015622148415 0.1677550314961799 0.024674115456238363
65 0.6141633064516129 0.4716014897579143 0.1507056451612903 0.0260707635009311
81 0.5733366935483871 0.5700651769087524 0.03377016129032258 0.016294227188081937
98 0.6091229838709677 0.6617783985102421 0.10131048387096774 0.03212290502793296
46 0.6060987903225806 0.2981843575418994 0.06502016129032258 0.033054003724394786
58 0.6597782258064516 0.4136405959031657 0.13306451612903225 0.031191806331471134
82 0.686491935483871 0.5665735567970205 0.14213709677419356 0.030726256983240222
47 0.6887600806451613 0.2995810055865922 0.08518145161290322 0.029329608938547486
30 0.688508064516129 0.2011173184357542 0.08165322580645161 0.019553072625698324
6 0.7215221774193549 0.05726256983240224 0.1305443548387097 0.020484171322160148
99 0.7452116935483871 0.6613128491620112 0.1658266129032258 0.025605214152700187
39 0.7338709677419355 0.2511638733705773 0.0846774193548387 0.019087523277467412
115 0.7996471774193549 0.7432495344506518 0.19808467741935484 0.038640595903165736
31 0.7852822580645161 0.19832402234636873 0.10584677419354839 0.021415270018621976
139 0.7799899193548387 0.9066573556797021 0.09526209677419355 0.021880819366852888
48 0.8019153225806451 0.29725325884543763 0.09475806451612903 0.03398510242085661
83 0.858366935483871 0.5533054003724395 0.1743951612903226 0.03212290502793296
16 0.8898689516129032 0.10498137802607076 0.14163306451612903 0.021880819366852888
92 0.8840725806451613 0.6049813780260708 0.11794354838709678 0.021880819366852888
140 0.8795362903225806 0.9080540037243948 0.09475806451612903 0.031191806331471134
100 0.9012096774193549 0.6538640595903166 0.13709677419354838 0.027467411545623835
108 0.8755040322580645 0.6964618249534451 0.08266129032258064 0.024208566108007448
32 0.8855846774193549 0.19343575418994413 0.08870967741935484 0.02281191806331471
75 0.9120463709677419 0.5 0.12953629032258066 0.024208566108007448
49 0.907258064516129 0.2842178770949721 0.11391129032258064 0.033054003724394786
131 0.9168346774193549 0.8512569832402235 0.0907258064516129 0.027467411545623835
60 0.9226310483870968 0.3992085661080074 0.06502016129032258 0.02094972067039106
116 0.938508064516129 0.7402234636871509 0.07358870967741936 0.019553072625698324
1 0.21191634697987938 0.054983316384788136 0.05536742645971517 0.048385318418613564
2 0.28705785431806424 0.05131776195913559 0.07316409925033789 0.04985154018887457
4 0.5184146005961597 0.055716427269918635 0.06920928307464393 0.035189322486264406
5 0.6078923165712351 0.05425020549965762 0.08206243564564931 0.038121766026786436
7 0.8456756391348333 0.04838531841861355 0.08107373160172579 0.04985154018887457
8 0.9499839157687611 0.05058465107400508 0.09194947608488412 0.04252043133756949
14 0.6395308459767866 0.10630107834392373 0.07019798711856745 0.0337231007160034
15 0.754220515071911 0.10556796745879321 0.1255654135782827 0.03518932248626442
24 0.926749370736559 0.14442284437071015 0.07118669116249085 0.03665554425652542
23 0.8347998946516749 0.15102084233688473 0.08898336395311365 0.038121766026786436
22 0.7225819856663594 0.1480883987963627 0.0781076194699552 0.0439866531078305
21 0.5965222200661151 0.15175395322201524 0.13050893379790007 0.04545287487809152
20 0.4472279094336688 0.15395328587740678 0.11666707718297116 0.038121766026786436
27 0.34934620908524383 0.19867304987036777 0.10084781248019552 0.036655544256525396
28 0.4630471741364446 0.20013927164062878 0.08107373160172585 0.0454528748780915
34 0.2489927486270101 0.2433928138633288 0.06822057903072047 0.0381217660267864
37 0.5406604415844383 0.2463252574038508 0.08601725182134319 0.038121766026786484
38 0.6400251979987485 0.24925770094437286 0.08107373160172568 0.04105420956730848
40 0.8585287917058386 0.2448590356335898 0.13841856614928796 0.04105420956730848
41 0.10563066225810476 0.28371391254550676 0.10183651652411897 0.0425204313375695
45 0.4971574636518048 0.2969099084778559 0.11963318931474173 0.04252043133756946
50 0.10167584608241083 0.33796411804516435 0.09590429226057805 0.04545287487809154
51 0.19560273025514188 0.34016345070055587 0.06426576285502651 0.04398665310783052
52 0.27815951792275284 0.33503167450464233 0.06525446689894998 0.0454528748780915
59 0.8071161814218175 0.40101165416638807 0.13841856614928796 0.03958798779704746
61 0.09030574957729072 0.4713902991389169 0.08305113968957271 0.04252043133756959
62 0.18472698577198354 0.47212341002404745 0.08008502755780228 0.04105420956730848
66 0.7700397797746866 0.4596605249768287 0.1354524540175175 0.042520431337569414
67 0.8980769534627779 0.4530625270106542 0.09887040439234847 0.0498515401888746
68 0.11452899865341612 0.523441171983183 0.12161059740258867 0.038121766026786436
73 0.6953926244584635 0.5102451760508339 0.10084781248019552 0.035189322486264316
57 0.8011839571582764 0.5080458433954423 0.08305113968957284 0.03665554425652542
77 0.20548977069437677 0.5674278250910135 0.14929431063244625 0.04398665310783052
87 0.4032305794790737 0.6209449197055404 0.06426576285502651 0.0425204313375695
88 0.4936969994980726 0.6194786979352795 0.08305113968957277 0.05131776195913554
43 0.5930617559123829 0.6150800326244965 0.07415280329426144 0.04838531841861366
90 0.6983587365902338 0.6165462543947575 0.05932255198733758 0.042520431337569414
103 0.2410831162756222 0.7147831130022457 0.0939268841727311 0.0337231007160033
104 0.352806673238976 0.7133168912319847 0.08799465990919013 0.0425204313375695
107 0.7507600509181788 0.7037864497252881 0.09491558821665448 0.03225687894574236
42 0.6444743661964042 0.7529048790290321 0.07810761946995533 0.045452874878091624
113 0.5540079461774053 0.7595028769952066 0.05932224263540911 0.04105420956730848
112 0.4403069811262044 0.7668339858465117 0.13446374997359395 0.04691909664835239
111 0.30386582306476345 0.7697664293870338 0.1186444852708182 0.0498515401888746
110 0.19609708227710362 0.7602359878803372 0.06723187498679697 0.04545287487809154
109 0.10217019810437257 0.7624353205357287 0.10875744483158337 0.043986653107830606
119 0.33154953629462114 0.8181517478056474 0.12457670953435915 0.03225687894574228
120 0.45958670998271245 0.8159524151502557 0.08997206799703708 0.03665554425652542
122 0.6889660481729608 0.804955751873298 0.11172355696335375 0.04398665310783044
109 0.9104357540118214 0.7976246430219932 0.09788170034842497 0.049851540188874686
123 0.8026670132241618 0.7976246430219931 0.07019798711856733 0.04691909664835264
125 0.2371283000999283 0.8665370662242607 0.14336208636890532 0.04691909664835264
126 0.3824677945566805 0.8650708444539998 0.10974614887550682 0.04985154018887451
128 0.6335986217132458 0.8592059573729559 0.10776874078765987 0.041054209567308396
129 0.7388956023910969 0.8526079594067811 0.07514150733818485 0.03958798779704746
130 0.8303507264540193 0.8555404029473033 0.0682205790307205 0.048385318418613585
132 0.08140741318197936 0.915655495528005 0.06327705881110303 0.03665554425652542
133 0.18077216959628964 0.9193210499536576 0.08997206799703714 0.04985154018887451
135 0.41410632396223207 0.9178548281833964 0.13149763784182347 0.04398665310783044
136 0.5456039618040556 0.9134561628726136 0.08403984373349625 0.03812176602678636
137 0.6321155656473605 0.9105237193320915 0.0494352021961743 0.04985154018887451
42 0.20301801058456803 0.2910450213968119 0.07316409925033786 0.0425204313375695
56 0.4501940215654393 0.42520431337569486 0.0751415073381849 0.03812176602678636
78 0.3295721282067741 0.5740258230571881 0.06327705881110299 0.0425204313375695
80 0.5001235757835754 0.5703602686315355 0.07613021138210838 0.03225687894574244
91 0.778938116169998 0.6048164802326694 0.07415280329426131 0.04252043133756959
96 0.4160837320500791 0.6685971272390236 0.07415280329426138 0.035189322486264316
97 0.5080332081349631 0.6700633490092845 0.07415280329426138 0.038121766026786436
134 0.28656350229610256 0.918587939068527 0.07810761946995536 0.03958798779704746
138 0.692426512326693 0.9119899411023524 0.03559334558124538 0.04105420956730856
