0 0.08704061895551256 0.08138780804150456 0.15280464216634426 0.032554240692299646
8 0.08655705996131528 0.14364461738002593 0.14893617021276595 0.02204928664072633
62 0.07785299806576403 0.5771725032425421 0.10735009671179883 0.016861219195849545
78 0.07712765957446809 0.6986057068741893 0.10493230174081238 0.01848249027237354
16 0.086073500967118 0.20395590142671854 0.11992263056092843 0.019455252918287938
86 0.07823803721810833 0.7615110246433203 0.09235976789168276 0.041245619939383006
30 0.08341392649903288 0.32668612191958496 0.1039651837524178 0.019779507133592736
95 0.08027079303675048 0.8203631647211413 0.09671179883945841 0.0311284046692607
23 0.07930367504835589 0.26864461738002593 0.09381044487427466 0.01913099870298314
38 0.08099613152804643 0.3850518806744488 0.08849129593810445 0.015888456549935148
53 0.10735009671179883 0.5141050583657587 0.1344294003868472 0.020428015564202335
69 0.06866537717601548 0.6416990920881972 0.04932301740812379 0.018158236057068743
46 0.07543520309477757 0.4414721141374838 0.059961315280464215 0.030804150453955903
109 0.09743713733075435 0.9505512321660181 0.10009671179883946 0.02496757457846952
102 0.06697292069632495 0.8824578469520103 0.031431334622823985 0.030155642023346304
70 0.14482591876208897 0.6399156939040207 0.06914893617021275 0.025445711555052
103 0.17166344294003869 0.8847276264591439 0.10541586073500966 0.021076523994811934
47 0.1827852998065764 0.4473086900129702 0.09671179883945841 0.02237354085603113
79 0.17746615087040618 0.7021725032425421 0.0851063829787234 0.026264591439688716
39 0.17553191489361702 0.38715953307393 0.07736943907156674 0.0333688067352109
87 0.17371404855784334 0.7589956710611874 0.09119462823526267 0.032287866196042896
31 0.18302707930367504 0.33009079118028534 0.08075435203094777 0.020752269779507133
63 0.1895551257253385 0.5745784695201037 0.08994197292069632 0.020103761348897537
24 0.1832688588007737 0.26621271076523995 0.06479690522243714 0.018158236057068743
96 0.20333655705996131 0.8252269779507133 0.08655705996131528 0.020752269779507133
9 0.21711798839458413 0.14721141374837873 0.08704061895551257 0.017509727626459144
1 0.21615087040618955 0.07911802853437094 0.07833655705996131 0.029831387808041506
17 0.2437137330754352 0.20833333333333334 0.13346228239845262 0.02237354085603113
110 0.23138297872340424 0.9567120622568094 0.08558994197292069 0.04581169228471821
54 0.27006769825918764 0.5115110246433203 0.14748549323017407 0.024319066147859923
71 0.24903288201160542 0.6342412451361867 0.08994197292069632 0.028534370946822308
88 0.27244075341678126 0.7585927367055771 0.08351605098901052 0.028858625162127113
80 0.2956963249516441 0.6945525291828794 0.09816247582205029 0.020752269779507133
40 0.31431334622823986 0.39040207522697795 0.12959381044487428 0.02464332036316472
48 0.29545454545454547 0.4471465629053178 0.08123791102514506 0.027237354085603113
32 0.29642166344294 0.33009079118028534 0.07543520309477757 0.017509727626459144
25 0.34695357833655704 0.26297016861219197 0.15618955512572533 0.027885862516212712
2 0.3186206373626226 0.08430609597924774 0.10589941972920697 0.020103761348897537
97 0.3193907156673114 0.818579766536965 0.0913926499032882 0.02885862516212711
10 0.34647001934235977 0.14883268482490272 0.1165377176015474 0.019455252918287938
111 0.3725822050290135 0.9539559014267186 0.13201160541586074 0.018158236057068743
64 0.3577801063085083 0.564526588845655 0.1682088583813598 0.03631647211413749
104 0.3080273099346475 0.8819714656290534 0.09094260383374937 0.03829118954288625
72 0.37524177949709864 0.63310635538262 0.09477756286266925 0.01848249027237354
43 0.3803191489361702 0.7571335927367056 0.07108317214700194 0.02594033722438392
18 0.39579303675048355 0.21044098573281453 0.09719535783365571 0.023346303501945526
81 0.3696808510638298 0.6926070038910506 0.03433268858800774 0.016861219195849545
55 0.4028046421663443 0.5137808041504539 0.08994197292069632 0.023022049286640728
49 0.42577369439071566 0.44163424124513617 0.11750483558994197 0.033073929961089495
33 0.45019342359767894 0.3231193255512322 0.1518375241779497 0.0314526588845655
105 0.4308510638297872 0.880674448767834 0.10735009671179883 0.018158236057068743
98 0.4291586073500967 0.8138780804150454 0.09816247582205029 0.026588845654993514
3 0.46760154738878146 0.08203631647211412 0.14410058027079303 0.04029403072487962
41 0.4615570599613153 0.3837548638132296 0.10203094777562863 0.030155642023346304
82 0.480174081237911 0.6924448767833982 0.13636363636363635 0.02237354085603113
11 0.4690522243713732 0.1475356679636835 0.10928433268858799 0.044585242565964626
90 0.4779980657640232 0.7594033722438391 0.08655705996131528 0.017509727626459144
26 0.4988896223563594 0.2678757053254376 0.06400176184624524 0.04394754200948823
56 0.511605415860735 0.5014591439688716 0.09574468085106383 0.030804150453955903
65 0.5333655705996132 0.566147859922179 0.13926499032882012 0.02529182879377432
73 0.5215183752417795 0.6243514915693904 0.11460348162475822 0.030804150453955903
19 0.49879110251450676 0.20363164721141375 0.06431334622823985 0.027237354085603113
99 0.5996131528046421 0.8166342412451362 0.17117988394584138 0.01913099870298314
42 0.5759006816588397 0.38942931258106356 0.08364906835591719 0.03739435221790678
112 0.55379187925886 0.9539141779430449 0.17110819651674927 0.023022049286640728
106 0.6220536755904509 0.880391918036203 0.16927501737054543 0.029092558081368146
91 0.5858317214700194 0.7493514915693904 0.08462282398452611 0.02594033722438392
12 0.597678916827853 0.14867055771725032 0.10735009671179883 0.03469520103761349
20 0.6271760154738878 0.20590142671854733 0.15667311411992263 0.029831387808041506
27 0.6160541586073501 0.259727626459144 0.11121856866537717 0.0311284046692607
50 0.5503979260844113 0.447632944228275 0.102615891026933 0.028858625162127113
4 0.5947775628626691 0.08803501945525292 0.06673114119922631 0.04651050027148799
34 0.5926015473887815 0.32749675745784695 0.059477756286266927 0.018158236057068743
83 0.6697292069632496 0.683041504539559 0.16827852998065765 0.025616083009079117
57 0.6281431334622823 0.5061608300907912 0.07930367504835589 0.018158236057068743
57 0.6205230204580862 0.6206225680933852 0.05429060441608498 0.02204928664072633
51 0.6503242575828025 0.44451080569920576 0.07882011605415859 0.019779507133592736
66 0.6798839458413927 0.5614461738002594 0.11218568665377177 0.023670557717250323
35 0.6881044487427466 0.322632944228275 0.09090909090909091 0.027237354085603113
5 0.6907640232108317 0.08560311284046693 0.0913926499032882 0.01297016861219196
43 0.6782093391608646 0.38696044930964635 0.08316683706588808 0.035488831899711
92 0.7045454545454546 0.7527561608300908 0.09574468085106383 0.01913099870298314
13 0.7200193423597679 0.15385862516212712 0.09477756286266925 0.019779507133592736
58 0.7565190062065957 0.49999999999999994 0.1520558951204061 0.04496831619145559
113 0.7294487427466151 0.9550907911802854 0.08558994197292069 0.02237354085603113
28 0.7398452611218569 0.25664721141374836 0.09284332688588008 0.030804150453955903
52 0.7415377176015474 0.4481193255512322 0.054642166344294 0.020103761348897537
100 0.7736943907156673 0.8163099870298314 0.11798839458413926 0.023670557717250323
44 0.7749032882011605 0.3845654993514916 0.0913926499032882 0.019455252918287938
21 0.7976305609284333 0.20249675745784695 0.12040618955512572 0.026913099870298315
107 0.7911025145067698 0.8792153047989624 0.10444874274661509 0.017185473411154346
36 0.7960366242905959 0.3180886183869654 0.10299806576402318 0.04247468955460845
84 0.7981141199226306 0.6856355382619974 0.08945841392649903 0.017185473411154346
6 0.812862669245648 0.08479247730220493 0.11798839458413925 0.025884922245502116
67 0.8038092677960776 0.5567444876783398 0.11081469382576402 0.028458248219846022
60 0.7956963249516441 0.6142996108949417 0.06141199226305609 0.017185473411154346
93 0.8312379110251451 0.7514591439688716 0.11895551257253385 0.01848249027237354
14 0.8184235976789168 0.15239948119325553 0.08752417794970986 0.01621271076523995
42 0.815701202967304 0.9532656695124353 0.07105568749212343 0.023022049286640728
29 0.8897485493230174 0.26280804150453957 0.14410058027079303 0.019779507133592736
77 0.9158607350096711 0.6061932555123216 0.16827852998065765 0.025616083009079117
60 0.8658123791102514 0.5011348897535668 0.06334622823984526 0.016536964980544747
45 0.9013539651837524 0.38018806744487676 0.12572533849129594 0.02885862516212711
37 0.8975928226561218 0.3208495460440986 0.07371791329180397 0.01873636641853421
101 0.9083655705996132 0.8151750972762646 0.10880077369439071 0.017509727626459144
22 0.9069148936170213 0.20119974059662776 0.07785299806576403 0.030804150453955903
115 0.934477756286267 0.9536316472114138 0.13104448742746616 0.026588845654993514
15 0.9298839458413927 0.1509403372243839 0.10638297872340426 0.021076523994811934
68 0.9272243713733076 0.5606355382619974 0.09429400386847195 0.02204928664072633
85 0.9400386847195358 0.6853112840466926 0.11992263056092843 0.02237354085603113
108 0.9279406696495359 0.8775940337224384 0.09157191902261468 0.02539273785054122
7 0.9318181818181818 0.08365758754863813 0.08220502901353965 0.018158236057068743
94 0.9475338491295938 0.7512970168612192 0.09235976789168278 0.017509727626459144
61 0.9530947775628626 0.4998378728923476 0.086073500967118 0.01523994811932555
75 0.707878485881094 0.6192653828034647 0.08102232964935892 0.04052342121872296
