123 0.04995674740484429 0.41421568627450983 0.09991349480968859 0.0892156862745098
129 0.04411764705882353 0.6308823529411764 0.07785467128027682 0.09509803921568627
116 0.0393598615916955 0.21372549019607842 0.06401384083044982 0.056862745098039215
137 0.03914359861591696 0.8441176470588235 0.05406574394463668 0.10196078431372549
117 0.15030276816608998 0.23039215686274508 0.1379757785467128 0.0803921568627451
138 0.11591695501730104 0.8901960784313725 0.06228373702422145 0.058823529411764705
130 0.1541955017301038 0.657843137254902 0.0990484429065744 0.07254901960784314
119 0.1782006920415225 0.44362745098039214 0.11505190311418685 0.06372549019607843
139 0.20112456747404844 0.9019607843137256 0.08315207686437476 0.08176936527149353
131 0.2621107266435986 0.6803921568627452 0.1046712802768166 0.10062452594987867
118 0.2921712802768166 0.22254901960784312 0.044550173010380625 0.06274509803921569
125 0.3658283600614265 0.4392342565533727 0.16578379450115913 0.17377811186445616
140 0.3213667820069204 0.925 0.0847750865051903 0.08725490196078431
132 0.39746229489961415 0.7014732411322747 0.08848146560032188 0.07450980392156863
141 0.41911764705882354 0.9264705882352942 0.06660899653979238 0.07647058823529412
119 0.41234894519383114 0.22794117647058823 0.1329568685052729 0.06372549019607843
133 0.5230508278465245 0.6921727801269806 0.14116256672949892 0.13309024728674743
126 0.5557391697999667 0.45245363328913735 0.12474296450535302 0.09411764705882353
120 0.5666089965397924 0.225 0.08910034602076125 0.13823529411764707
134 0.636461937716263 0.7151960784313726 0.06185121107266436 0.09509803921568627
121 0.7006920415224913 0.24068627450980393 0.09169550173010381 0.07156862745098039
127 0.7086937716262975 0.46323529411764713 0.10164359861591694 0.10180518377535608
135 0.7780553620825964 0.7068839682738824 0.13049992833669322 0.12172805938703474
128 0.8713561620226459 0.49657393324494126 0.10528539773694065 0.07549019607843137
122 0.8624553161930336 0.23873344888701978 0.14959760468622982 0.0921568627450981
136 0.9013840830449827 0.7161764705882353 0.09169550173010381 0.08137254901960785
