119 0.0630952380952381 0.8514198782961461 0.11476190476190476 0.03144016227180527
91 0.05 0.6838235294117647 0.06857142857142857 0.03803245436105477
110 0.044285714285714296 0.7910750507099391 0.06910703822676176 0.045585566062476726
128 0.05 0.9122718052738337 0.06761904761904762 0.03144016227180527
140 0.04833333333333333 0.9710953346855984 0.06333333333333334 0.035496957403651115
62 0.05880952380952381 0.5365111561866126 0.07857142857142857 0.02738336713995943
53 0.07452380952380952 0.48453346855983775 0.10809523809523809 0.030933062880324543
82 0.07023809523809524 0.6384381338742393 0.09952380952380953 0.030425963488843813
100 0.06476190476190476 0.7413793103448276 0.08857142857142856 0.04056795131845842
49 0.075 0.3448275862068966 0.09952380952380953 0.0436105476673428
71 0.05880952380952381 0.5851926977687627 0.06428571428571428 0.037525354969574036
29 0.07071428571428572 0.24442190669371197 0.08238095238095237 0.033468559837728194
10 0.07595238095238095 0.14072008113590265 0.09 0.02383367139959432
39 0.056428571428571425 0.2999492900608519 0.05 0.03397565922920893
0 0.09095238095238095 0.08747464503042596 0.11714285714285715 0.04006085192697769
19 0.06119047619047619 0.18509127789046653 0.05380952380952381 0.03144016227180527
141 0.1269047619047619 0.9657707910750507 0.06142857142857143 0.029918864097363083
129 0.12642857142857142 0.8988336713995944 0.05952380952380952 0.03803245436105477
40 0.1492857142857143 0.2958924949290061 0.09666666666666666 0.03296146044624747
72 0.14785714285714285 0.5829107505070994 0.0880952380952381 0.02281947261663286
20 0.1595238095238095 0.18382352941176472 0.10952380952380952 0.04208924949290061
92 0.14261904761904762 0.6853448275862069 0.0719047619047619 0.0268762677484787
63 0.13404761904761905 0.5352434077079108 0.05 0.029918864097363083
30 0.15928571428571428 0.23960446247464504 0.062380952380952384 0.02484787018255578
101 0.15976190476190477 0.7363083164300203 0.06142857142857143 0.02636916835699797
11 0.17452380952380953 0.13463488843813387 0.0880952380952381 0.04208924949290061
50 0.1788095238095238 0.35065922920892495 0.0880952380952381 0.04513184584178499
120 0.17857142857142858 0.8417849898580122 0.08571428571428572 0.04056795131845842
83 0.21619047619047618 0.6303245436105477 0.14666666666666667 0.034482758620689655
54 0.19976190476190475 0.47920892494929007 0.11285714285714285 0.029411764705882353
2 0.1864916078544544 0.08012170385395538 0.03959969151331541 0.03955375253549696
130 0.19666666666666666 0.9112576064908722 0.05714285714285714 0.02738336713995943
64 0.2602380952380952 0.5278904665314401 0.1357142857142857 0.04158215010141988
93 0.24666666666666667 0.6845841784989858 0.10285714285714286 0.033468559837728194
102 0.2195238095238095 0.7226166328600405 0.030476190476190476 0.036511156186612576
31 0.2361904761904762 0.23732251521298176 0.05619047619047619 0.02636916835699797
41 0.2571428571428571 0.2801724137931034 0.07428571428571429 0.04513184584178499
73 0.2604761904761905 0.577079107505071 0.08095238095238096 0.038539553752535496
112 0.28833333333333333 0.7900608519269777 0.1319047619047619 0.036511156186612576
12 0.28249999342522136 0.1295638945233266 0.09939254696009457 0.03803245436105477
121 0.2719047619047619 0.8476166328600405 0.07238095238095238 0.03194726166328601
21 0.2861904761904762 0.18128803245436106 0.1 0.03600405679513185
51 0.26857142857142857 0.3496450304259635 0.05619047619047619 0.027890466531440162
131 0.2792857142857143 0.9046653144016227 0.07476190476190477 0.028397565922920892
103 0.2978571428571429 0.7342799188640974 0.10047619047619048 0.03144016227180527
32 0.30833333333333335 0.2360547667342799 0.05761904761904762 0.027890466531440162
3 0.3526190476190476 0.07226166328600406 0.12238095238095238 0.03803245436105477
94 0.3464285714285714 0.6805273833671399 0.07380952380952381 0.02636916835699797
52 0.3419047619047619 0.34685598377281945 0.054285714285714284 0.029411764705882353
84 0.34904761904761905 0.6308316430020284 0.06857142857142857 0.029411764705882353
57 0.3469047619047619 0.5803752535496958 0.051904761904761905 0.030933062880324543
122 0.37142857142857144 0.8382352941176471 0.08476190476190476 0.04462474645030426
132 0.36214285714285716 0.8993407707910751 0.05761904761904762 0.0268762677484787
13 0.368326327824951 0.13372603220489124 0.07100707983459469 0.028397565922920892
65 0.4 0.5240872210953347 0.11619047619047619 0.030933062880324543
22 0.38595238095238094 0.1802738336713996 0.06714285714285714 0.03803245436105477
55 0.3852380952380952 0.4695740365111562 0.05714285714285714 0.028397565922920892
104 0.39976190476190476 0.731237322515213 0.07380952380952381 0.030425963488843813
113 0.39595238095238094 0.7877789046653144 0.05380952380952381 0.03498985801217039
75 0.4230952380952381 0.5735294117647058 0.06523809523809523 0.02231237322515213
95 0.430952380952381 0.6716531440162272 0.06571428571428571 0.04208924949290061
133 0.44571428571428573 0.8914807302231237 0.09523809523809523 0.035496957403651115
33 0.415294126155596 0.22986423148679236 0.10864649659082203 0.05476673427991886
85 0.4626190476190476 0.6239858012170385 0.08619047619047619 0.03194726166328601
14 0.45880952380952383 0.12601419878296147 0.07761904761904762 0.02383367139959432
43 0.4364355769369538 0.2804259634888438 0.05847260367677915 0.035496957403651115
4 0.45571428571428574 0.07707910750507099 0.05619047619047619 0.030425963488843813
56 0.4583333333333333 0.45816430020283977 0.060476190476190475 0.050202839756592295
123 0.46404761904761904 0.8318965517241379 0.06142857142857143 0.04614604462474645
42 0.47619047619047616 0.777129817444219 0.07714285714285714 0.028904665314401622
23 0.4707142857142857 0.1795131845841785 0.06333333333333334 0.032454361054766734
105 0.48095238095238096 0.7248985801217038 0.06476190476190476 0.029918864097363083
60 0.5011904761904762 0.5717545638945233 0.055714285714285716 0.0268762677484787
66 0.5254761904761904 0.5174949290060852 0.10047619047619048 0.027890466531440162
96 0.5195238095238095 0.6711460446247465 0.0838095238095238 0.02586206896551724
44 0.5076190476190476 0.28498985801217036 0.05238095238095238 0.028397565922920892
5 0.5407142857142857 0.06566937119675456 0.08142857142857143 0.02383367139959432
134 0.5414285714285715 0.8833671399594321 0.07523809523809524 0.038539553752535496
57 0.5388095238095238 0.4622210953346856 0.062380952380952384 0.0268762677484787
119 0.57 0.827079107505071 0.11142857142857143 0.029411764705882353
15 0.5716666666666667 0.12449290060851927 0.1061904761904762 0.027890466531440162
86 0.5528571428571428 0.6075050709939148 0.06761904761904762 0.035496957403651115
24 0.5502380952380952 0.17418864097363082 0.05380952380952381 0.027890466531440162
115 0.6095238095238096 0.7664807302231237 0.1580952380952381 0.04107505070993915
106 0.6021428571428571 0.7177991886409736 0.1376190476190476 0.030933062880324543
77 0.6116666666666667 0.5608519269776876 0.1357142857142857 0.029411764705882353
45 0.6073809523809524 0.27003042596348886 0.10333333333333333 0.04411764705882353
97 0.606904761904762 0.6637931034482759 0.06428571428571428 0.037525354969574036
49 0.6316666666666667 0.44929006085192696 0.09380952380952381 0.04462474645030426
67 0.6318277276116718 0.5101419878296146 0.09632484894627052 0.02332657200811359
25 0.6528571428571428 0.1658215010141988 0.1180952380952381 0.036511156186612576
6 0.6414285714285715 0.0654158215010142 0.09238095238095238 0.02636916835699797
135 0.6490476190476191 0.8765212981744422 0.10095238095238095 0.04006085192697769
35 0.6366666666666667 0.21627789046653145 0.07523809523809524 0.03904665314401623
87 0.6366316522743126 0.6082853334382492 0.05285714285714289 0.04732689310679424
125 0.7052380952380952 0.8164300202839757 0.1295238095238095 0.04766734279918864
16 0.684047619047619 0.12322515212981744 0.08428571428571428 0.029411764705882353
98 0.7073809523809523 0.6556795131845842 0.08904761904761904 0.037525354969574036
46 0.6961904761904761 0.26901622718052737 0.054285714285714284 0.04208924949290061
88 0.7166666666666667 0.6072515212981744 0.07238095238095238 0.03600405679513185
107 0.7245238095238096 0.7127281947261663 0.07095238095238095 0.03194726166328601
36 0.7316666666666669 0.2184741085355894 0.07285714285714288 0.05493281633908764
59 0.7507983123662006 0.4414300202839756 0.10103158779218664 0.050261115292274366
78 0.73 0.5585699797160243 0.06095238095238095 0.029918864097363083
68 0.7645238095238095 0.5022819472616633 0.11952380952380952 0.0268762677484787
7 0.735 0.06795131845841786 0.055714285714285716 0.02738336713995943
116 0.7340476190476191 0.7649594320486816 0.05095238095238095 0.02281947261663286
136 0.753095238095238 0.8760141987829615 0.07380952380952381 0.04208924949290061
26 0.7633333333333333 0.16480730223123732 0.06571428571428571 0.02129817444219067
47 0.7716666666666666 0.2753549695740365 0.060476190476190475 0.034482758620689655
17 0.8004761904761905 0.11612576064908722 0.10476190476190476 0.029411764705882353
117 0.8323809523809523 0.7591277890466531 0.11619047619047619 0.02636916835699797
79 0.8114285714285714 0.5547667342799188 0.07047619047619047 0.02738336713995943
43 0.814047619047619 0.5983772819472617 0.07380952380952381 0.033468559837728194
99 0.8466666666666667 0.6516227180527383 0.13238095238095238 0.029411764705882353
108 0.8195238095238095 0.704868154158215 0.07333333333333333 0.02636916835699797
8 0.8292857142857143 0.06440162271805273 0.0880952380952381 0.03144016227180527
126 0.8385714285714285 0.8121196754563894 0.10380952380952381 0.03498985801217039
37 0.8233333333333334 0.2216024340770791 0.07047619047619047 0.02535496957403651
137 0.8238095238095238 0.8663793103448276 0.047619047619047616 0.04006085192697769
48 0.8590476190476191 0.26495943204868155 0.08095238095238096 0.04006085192697769
27 0.8647619047619047 0.15593306288032455 0.08190476190476191 0.03701825557809331
60 0.8585714285714285 0.4449797160243408 0.05523809523809524 0.028904665314401622
69 0.8685714285714285 0.49822515212981744 0.06 0.027890466531440162
138 0.8769047619047619 0.8722109533468559 0.04047619047619048 0.02028397565922921
80 0.8980952380952381 0.5476673427991886 0.08 0.02636916835699797
90 0.900952380952381 0.598630831643002 0.06952380952380953 0.02484787018255578
18 0.914047619047619 0.10953346855983773 0.08714285714285715 0.034482758620689655
38 0.9078571428571428 0.21196754563894524 0.07095238095238095 0.02535496957403651
109 0.9157142857142857 0.699290060851927 0.08190476190476191 0.036511156186612576
9 0.920952380952381 0.05502028397565923 0.07333333333333333 0.02484787018255578
127 0.9204761904761904 0.8065415821501014 0.05333333333333334 0.03803245436105477
61 0.935 0.43788032454361053 0.06904761904761905 0.0268762677484787
139 0.9457142857142857 0.8711967545638946 0.08190476190476191 0.029411764705882353
70 0.9378571428571428 0.49290060851926976 0.06428571428571428 0.02434077079107505
118 0.9316666666666666 0.7563387423935092 0.047142857142857146 0.03296146044624747
28 0.94 0.14984787018255577 0.06285714285714286 0.03498985801217039
81 0.9521428571428572 0.5413286004056795 0.023333333333333334 0.017748478701825558
34 0.5325458687651478 0.22356138616410473 0.07048316968545808 0.045076643652520794
42 0.3482497119646467 0.2920111043031178 0.06701678429109127 0.048415654293448275
111 0.1431552427979449 0.7870194318206148 0.10976887082161506 0.040068127691129614
2 0.23674764844584834 0.08165343392468738 0.05661762810799098 0.038398622370665866
