69 0.04784569138276553 0.5086596385542169 0.06362725450901803 0.01882530120481928
78 0.04809619238476954 0.578125 0.061122244488977955 0.019201807228915662
106 0.08751024691528451 0.7320051955655764 0.12874037253568796 0.03589081946152571
87 0.04458917835671343 0.6283885542168675 0.04308617234468938 0.024849397590361446
9 0.04834669338677355 0.08621987951807229 0.048597194388777555 0.017319277108433735
97 0.062875751503006 0.6786521084337349 0.07665330661322645 0.026731927710843373
42 0.062374749498997996 0.7823795180722891 0.07064128256513026 0.02033132530120482
18 0.06713426853707415 0.14777861445783133 0.0781563126252505 0.025225903614457833
27 0.0748997995991984 0.2083960843373494 0.09268537074148296 0.03125
130 0.05836673346693387 0.9002259036144579 0.05661322645290581 0.021837349397590362
46 0.05661322645290581 0.3185240963855422 0.052104208416833664 0.0286144578313253
122 0.07064128256513026 0.8350903614457831 0.0781563126252505 0.029367469879518073
36 0.07940881763527054 0.2635542168674699 0.0906813627254509 0.02033132530120482
0 0.08692384769539079 0.03407379518072289 0.10170340681362726 0.02371987951807229
141 0.06437875751503006 0.9600903614457831 0.053607214428857713 0.023343373493975902
62 0.05814237933365061 0.4619725000823926 0.07398673977805635 0.030758265889531622
53 0.11573146292585171 0.40568524096385544 0.09418837675350701 0.026731927710843373
88 0.10571142284569138 0.6253765060240963 0.05911823647294589 0.024849397590361446
10 0.14729458917835672 0.08979668674698796 0.09819639278557114 0.01694277108433735
131 0.14554108216432865 0.9028614457831325 0.07965931863727455 0.022590361445783132
70 0.13927855711422846 0.5180722891566265 0.056112224448897796 0.01581325301204819
47 0.1402805611222445 0.3301957831325301 0.05711422845691383 0.024849397590361446
79 0.1426752220231767 0.5803840361445782 0.05612612404221501 0.021460843373493976
19 0.15506012024048096 0.15775602409638553 0.06462925851703406 0.024849397590361446
115 0.156813627254509 0.7889683734939759 0.06312625250501001 0.019201807228915662
98 0.1781062124248497 0.6812876506024096 0.08967935871743488 0.032003012048192774
123 0.17234468937875752 0.8384789156626506 0.05711422845691383 0.02786144578313253
28 0.1816132264529058 0.21046686746987953 0.07364729458917836 0.030873493975903613
37 0.19238476953907815 0.2710843373493976 0.07214428857715431 0.01957831325301205
1 0.18562124248496994 0.03369728915662651 0.04458917835671343 0.02296686746987952
107 0.2006513026052104 0.7306099397590361 0.06062124248496994 0.01618975903614458
43 0.21467935871743488 0.6300828313253012 0.08466933867735471 0.025225903614457833
71 0.22945891783567135 0.5171310240963856 0.07314629258517034 0.028990963855421686
48 0.23246492985971945 0.32699548192771083 0.06813627254509018 0.033509036144578314
132 0.23020317478984403 0.89981065522926 0.075480814163125 0.026625685522196515
119 0.2637413248510238 0.8438607682898451 0.11503511103092111 0.04546055443329622
63 0.23822645290581163 0.4740210843373494 0.06462925851703406 0.023343373493975902
11 0.2530060120240481 0.09695030120481928 0.0841683366733467 0.04420446872508944
54 0.25400801603206413 0.4122740963855422 0.08016032064128256 0.02033132530120482
20 0.2865731462925852 0.1558734939759036 0.12725450901803606 0.03162650602409638
2 0.2650300601202405 0.04103915662650602 0.07414829659318638 0.02108433734939759
29 0.2865731462925852 0.22778614457831325 0.0811623246492986 0.025602409638554216
99 0.3151302605210421 0.6901355421686747 0.11122244488977956 0.021837349397590362
38 0.30561122244488975 0.27974397590361444 0.07414829659318638 0.01882530120481928
81 0.2880761523046092 0.5841490963855421 0.033066132264529056 0.01694277108433735
49 0.32615230460921846 0.32963102409638556 0.09118236472945891 0.038780120481927714
90 0.312374749498998 0.6366716867469879 0.059619238476953905 0.016566265060240965
116 0.3221442885771543 0.7998870481927711 0.0531062124248497 0.019201807228915662
133 0.33216432865731466 0.9024849397590361 0.07314629258517034 0.029367469879518073
108 0.3254008016032064 0.7422816265060241 0.05060120240480962 0.01618975903614458
55 0.33942885771543085 0.41246234939759036 0.06062124248496994 0.021460843373493976
72 0.3662324649298597 0.5269201807228916 0.11422845691382766 0.018448795180722892
3 0.3840180360721443 0.04198042168674699 0.13677354709418837 0.03576807228915663
82 0.3787575150300601 0.5884789156626506 0.10220440881763528 0.021837349397590362
30 0.37074148296593185 0.22835090361445784 0.06513026052104208 0.01694277108433735
12 0.37900801603206413 0.09845632530120482 0.07665330661322645 0.03125
64 0.3965430861723447 0.4732680722891566 0.10771543086172344 0.03614457831325301
117 0.41708416833667333 0.8023343373493976 0.11272545090180361 0.024096385542168676
39 0.3937875751503006 0.2838855421686747 0.05511022044088176 0.02033132530120482
21 0.421688703855005 0.1662848899165169 0.09651288830682442 0.046528690128824254
91 0.4145791583166333 0.6334713855421686 0.07264529058116233 0.025225903614457833
134 0.41708416833667333 0.9064382530120482 0.05561122244488978 0.03049698795180723
56 0.4333667334669339 0.40474397590361444 0.08617234468937876 0.038403614457831324
125 0.4568775973961139 0.8531293670347676 0.11700413298582914 0.06652043511411472
109 0.44288577154308617 0.7479292168674698 0.09118236472945891 0.02296686746987952
100 0.4423847695390782 0.6965361445783133 0.0811623246492986 0.021837349397590362
31 0.44589178356713427 0.23286897590361447 0.07014028056112225 0.018448795180722892
50 0.4589178356713427 0.3461972891566265 0.08517034068136273 0.03275602409638554
13 0.4624248496993988 0.10786897590361445 0.06212424849699399 0.019954819277108432
40 0.4934869739478958 0.2895331325301205 0.09218436873747494 0.025602409638554216
83 0.5429949074901197 0.5917567015896728 0.17630955444450358 0.042316016903237906
4 0.5077655310621243 0.04894578313253012 0.06763527054108216 0.01957831325301205
65 0.5247995991983968 0.4819277108433735 0.09468937875751503 0.017319277108433735
135 0.5320641282565131 0.90625 0.09018036072144289 0.029367469879518073
57 0.5242985971943888 0.41848644578313254 0.07264529058116233 0.01694277108433735
22 0.5265531062124249 0.17093373493975902 0.05711422845691383 0.029367469879518073
32 0.533066132264529 0.23286897590361447 0.06813627254509018 0.019954819277108432
73 0.5375751503006012 0.5242846385542169 0.07314629258517034 0.04103915662650602
110 0.5350701402805611 0.7556475903614458 0.050100200400801605 0.021837349397590362
101 0.5460921843687375 0.6991716867469879 0.06813627254509018 0.023343373493975902
92 0.5568637274549099 0.6490963855421686 0.08466933867735471 0.01581325301204819
14 0.5480961923847696 0.10786897590361445 0.061122244488977955 0.019201807228915662
51 0.5513527054108216 0.3525978915662651 0.06062124248496994 0.017695783132530122
118 0.5621242484969939 0.8104292168674698 0.04909819639278557 0.025978915662650603
41 0.6004509018036072 0.27692018072289154 0.07264529058116233 0.0365210843373494
5 0.6032064128256514 0.050451807228915665 0.07414829659318638 0.01430722891566265
126 0.6132264529058116 0.8573042168674698 0.08817635270541083 0.025602409638554216
23 0.6127254509018036 0.17771084337349397 0.07214428857715431 0.01430722891566265
66 0.6330160320641283 0.4836219879518072 0.08667334669338678 0.020707831325301206
58 0.6350200400801603 0.4147213855421687 0.08667334669338678 0.038780120481927714
52 0.6182364729458918 0.3542921686746988 0.04408817635270541 0.01957831325301205
136 0.6360220440881763 0.9158509036144579 0.0716432865731463 0.026731927710843373
15 0.656563126252505 0.11690512048192771 0.09869739478957916 0.021460843373493976
111 0.6718436873747495 0.7564006024096386 0.12024048096192384 0.018072289156626505
57 0.6482965931863728 0.5323795180722891 0.06913827655310621 0.01882530120481928
119 0.6377755511022044 0.8108057228915663 0.04809619238476954 0.019954819277108432
102 0.6372745490981964 0.6950301204819277 0.04308617234468938 0.0286144578313253
93 0.6806112224448898 0.6515436746987951 0.08967935871743488 0.020707831325301206
24 0.689629258517034 0.17846385542168675 0.0686372745490982 0.018072289156626505
42 0.690484962920032 0.2885267263959837 0.07722582134993734 0.03651682604241656
33 0.7269539078156313 0.23305722891566266 0.13627254509018036 0.04141566265060241
103 0.6971442885771543 0.702183734939759 0.07264529058116233 0.018072289156626505
84 0.7039078156312625 0.5967620481927711 0.07615230460921844 0.018072289156626505
6 0.7209418837675351 0.058923192771084335 0.09418837675350701 0.027484939759036143
127 0.7216933867735471 0.8616340361445783 0.07565130260521043 0.028990963855421686
137 0.720691382765531 0.912085843373494 0.04659318637274549 0.028990963855421686
59 0.7625250501002004 0.42488704819277107 0.10220440881763528 0.03727409638554217
67 0.7592568556755088 0.4836219879518072 0.08468637274908236 0.017695783132530122
75 0.7690380761523046 0.5355798192771084 0.09519038076152304 0.018448795180722892
25 0.8102836932873221 0.17778239963111195 0.1209654838369071 0.027484939759036143
16 0.7878256513026052 0.12029367469879518 0.09268537074148296 0.020707831325301206
43 0.7785571142284569 0.2923569277108434 0.06012024048096192 0.028990963855421686
138 0.7753006012024048 0.9199924698795181 0.045591182364729456 0.01618975903614458
120 0.8003507014028056 0.8077936746987951 0.07965931863727455 0.028990963855421686
94 0.7995991983967936 0.6515436746987951 0.07615230460921844 0.018448795180722892
104 0.8028557114228457 0.7019954819277109 0.08166332665330661 0.01618975903614458
112 0.8496993987975952 0.7612951807228916 0.13527054108216433 0.0286144578313253
7 0.8171342685370742 0.06061746987951807 0.06012024048096192 0.02108433734939759
85 0.8349198396793587 0.5993975903614458 0.0906813627254509 0.02033132530120482
139 0.8484468937875751 0.9196159638554217 0.09168336673346693 0.018448795180722892
34 0.8614835820627653 0.24378823782821835 0.074695119301038 0.04191326132024511
68 0.8775050100200401 0.4888930722891566 0.11172344689378758 0.019201807228915662
60 0.8592184368737475 0.5391566265060241 0.07515030060120241 0.015060240963855422
128 0.8487379372812731 0.86351656626506 0.05906360562968879 0.03008428868410471
44 0.8577154308617234 0.29743975903614456 0.056112224448897796 0.018072289156626505
60 0.8674849699398798 0.43053463855421686 0.05861723446893788 0.017695783132530122
105 0.8867735470941884 0.7018072289156626 0.07715430861723446 0.02033132530120482
17 0.9040581162324649 0.12424698795180723 0.09869739478957916 0.024849397590361446
8 0.9041824439835114 0.05992821701703564 0.10032181102658674 0.026379030681486247
95 0.8912825651302605 0.6436370481927711 0.06913827655310621 0.038780120481927714
121 0.9145791583166333 0.8094879518072289 0.08366733466933868 0.024849397590361446
45 0.938877755511022 0.29518072289156627 0.10420841683366733 0.035391566265060244
86 0.938877755511022 0.5914909638554217 0.07715430861723446 0.02710843373493976
61 0.9402759176206742 0.4312819300947875 0.07519748388619643 0.023546400890569794
140 0.9298597194388778 0.9216867469879518 0.0531062124248497 0.024096385542168676
35 0.9428857715430862 0.24416415662650603 0.07314629258517034 0.026731927710843373
129 0.9489976849107468 0.8616727785056797 0.10011541299540339 0.04637917970811567
77 0.9546593186372746 0.5352033132530121 0.0906813627254509 0.029743975903614456
113 0.9473947895791583 0.7603539156626506 0.05811623246492986 0.02447289156626506
96 0.968937875751503 0.6492846385542169 0.06212424849699399 0.017695783132530122
26 0.9028821715639441 0.18033432294174762 0.044344315383913195 0.047136947913912576
80 0.20656599351911192 0.577390317536001 0.06158012123219097 0.036734903597736054
