108 0.059235976789168275 0.7772606382978723 0.06044487427466151 0.041223404255319146
118 0.05585106382978723 0.8464095744680851 0.044003868471953575 0.03856382978723404
129 0.06286266924564797 0.9032579787234043 0.05415860735009671 0.03922872340425532
98 0.06673114119922631 0.6974734042553191 0.0609284332688588 0.05053191489361702
60 0.070357833655706 0.5797872340425532 0.06624758220502901 0.03324468085106383
86 0.06063649292442374 0.6392428368918188 0.06709277210016362 0.060505319148936164
53 0.08317214700193423 0.4634308510638298 0.0851063829787234 0.0398936170212766
65 0.09115087040618955 0.519281914893617 0.08558994197292069 0.03590425531914894
43 0.08268858800773694 0.31216755319148937 0.0551257253384913 0.049867021276595744
32 0.08438104448742746 0.25731382978723405 0.05270793036750483 0.03324468085106383
21 0.10759187620889749 0.19448138297872342 0.09429400386847195 0.04720744680851064
11 0.10404943415472985 0.1351623971655978 0.08172147001934237 0.04779903917972461
0 0.11810438569050125 0.08134471633682915 0.09961315280464215 0.0538563829787234
130 0.13297872340425532 0.9168882978723404 0.0551257253384913 0.03856382978723404
109 0.14724371373307543 0.7802526595744681 0.07591876208897486 0.049867021276595744
77 0.16808808575635825 0.572473404255319 0.10675492117674734 0.046542553191489346
33 0.1784332688588008 0.25066489361702127 0.10735009671179883 0.0625
44 0.15038684719535783 0.31881648936170215 0.04932301740812379 0.03523936170212766
99 0.1804505808124391 0.7085876028344021 0.10645972090326752 0.04432697886201191
119 0.16779497098646035 0.8444148936170213 0.07833655705996131 0.03324468085106383
54 0.1885880077369439 0.45711436170212766 0.09961315280464217 0.025930851063829786
66 0.17553191489361702 0.5196143617021277 0.06673114119922631 0.0339095744680851
12 0.1914074601507413 0.13725499290284693 0.0703613932624972 0.05053191489361702
22 0.18810444874274662 0.1924867021276596 0.048355899419729204 0.04720744680851064
88 0.18934508693228977 0.6399077305088399 0.06988392020827426 0.042987806180747656
131 0.1985009671179884 0.9132313829787234 0.06044487427466151 0.03523936170212766
1 0.20333655705996131 0.0797872340425532 0.051740812379110254 0.03590425531914894
45 0.23525145067698258 0.31216755319148937 0.11073500967117988 0.052526595744680854
110 0.2153730222166314 0.7637669361850762 0.052707930367504825 0.0543261992876277
120 0.254110251450677 0.8367686170212766 0.07301740812379111 0.052526595744680854
67 0.26619922630560927 0.5159574468085106 0.08945841392649903 0.02925531914893617
23 0.2558027079303675 0.1971409574468085 0.059961315280464215 0.032579787234042555
2 0.2608800773694391 0.08876329787234043 0.062379110251450674 0.036569148936170214
43 0.26281431334622823 0.6392952127659575 0.059477756286266927 0.052526595744680854
78 0.2632978723404255 0.5797872340425532 0.05851063829787234 0.031914893617021274
55 0.2712765957446808 0.4611037234042553 0.061895551257253385 0.04055851063829787
132 0.277321083172147 0.9092420212765957 0.059477756286266927 0.0339095744680851
34 0.27562862669245647 0.2566489361702128 0.05125725338491296 0.03856382978723404
100 0.30174081237911027 0.7101063829787234 0.07736943907156674 0.03590425531914894
46 0.3184235976789168 0.3184840425531915 0.06044487427466151 0.05452127659574468
24 0.32035783365570597 0.19946808510638298 0.05851063829787234 0.03324468085106383
111 0.30529540056857846 0.7731278226975125 0.11053972822969337 0.034574468085106384
121 0.3411508704061896 0.8427526595744681 0.08075435203094777 0.03789893617021277
35 0.33921663442940037 0.2473404255319149 0.07495164410058026 0.05053191489361702
56 0.33293036750483557 0.45013297872340424 0.05367504835589942 0.057180851063829786
90 0.33707235965956245 0.6441840000074316 0.07011605415860735 0.04321808510638298
79 0.33447744102503996 0.5839200496429128 0.055740760597572166 0.035904255319148926
133 0.35275628626692457 0.9035904255319149 0.08365570599613152 0.04920212765957447
14 0.3471953578336557 0.13663563829787234 0.061895551257253385 0.028590425531914893
68 0.3572877897291619 0.5170982411322744 0.08544295483787286 0.04505027975944236
47 0.3728886403596749 0.3182950496429128 0.049966385810349186 0.05651595744680849
25 0.405705996131528 0.1971409574468085 0.10541586073500966 0.04321808510638298
101 0.3938588007736944 0.7074468085106383 0.08172147001934237 0.034574468085106384
57 0.3921663442940039 0.4597739361702128 0.05609284332688588 0.032579787234042555
112 0.4265821088588608 0.7783035177354508 0.12399894031090947 0.04920212765957447
91 0.40739845261121854 0.6353058510638298 0.05754352030947776 0.04454787234042553
36 0.4201077465609224 0.24966071632939746 0.0725338491295938 0.060137595179612244
15 0.4339941972920696 0.14461436170212766 0.0913926499032882 0.03922872340425532
122 0.4381044487427466 0.835438829787234 0.09187620889748549 0.04720744680851064
134 0.4228723404255319 0.9035904255319149 0.05270793036750483 0.043882978723404256
69 0.4410058027079304 0.5179521276595744 0.06576402321083172 0.034574468085106384
4 0.45261121856866543 0.0867887516633092 0.05222437137330754 0.04152932605251245
58 0.46349129593810445 0.449468085106383 0.07011605415860735 0.05319148936170213
102 0.46179883945841393 0.7011303191489362 0.029980657640232108 0.04055851063829787
92 0.4864603481624758 0.6436170212765957 0.07833655705996131 0.034574468085106384
81 0.468568665377176 0.5767952127659575 0.02321083172147002 0.0339095744680851
26 0.4880270162514296 0.19666505674006585 0.05016441912138777 0.030585106382978716
135 0.5111218568665378 0.9005984042553191 0.09284332688588008 0.052526595744680854
37 0.48997104951259357 0.25175331206664653 0.05435312954540781 0.040793517604988436
49 0.5130560928433269 0.3078457446808511 0.0851063829787234 0.05452127659574468
70 0.5142649903288201 0.5189494680851063 0.06528046421663443 0.03523936170212766
103 0.5244197292069632 0.7091090425531915 0.07301740812379111 0.04055851063829787
5 0.5169245647969052 0.08178191489361702 0.05705996131528046 0.026595744680851064
16 0.5290135396518375 0.13929521276595744 0.07059961315280464 0.03125
82 0.5463997200232648 0.5819253687918489 0.12099033289597898 0.03723404255319148
119 0.5950706776325672 0.833300695037938 0.0828107803536503 0.0511968085106383
113 0.5265542066924263 0.7747968936021575 0.07709757495876392 0.047294633221352717
59 0.5709977473192268 0.45569349644399143 0.11663946752859045 0.06264908084979569
38 0.5715667311411993 0.2566489361702128 0.08413926499032882 0.031914893617021274
27 0.5768858800773694 0.18882978723404256 0.07833655705996131 0.0425531914893617
71 0.5834139264990329 0.5113031914893617 0.06818181818181818 0.0425531914893617
6 0.6001590187814764 0.08344414893617019 0.09093946260392007 0.0339095744680851
50 0.5926015473887815 0.32081117021276595 0.0672147001934236 0.06050531914893617
42 0.6081377421857314 0.7698488936244529 0.060695454740097264 0.04720744680851063
104 0.6100096711798839 0.7064494680851063 0.0672147001934236 0.03523936170212766
93 0.5774023542010793 0.6386303191489361 0.0959973666716401 0.03523936170212765
17 0.6245274127156403 0.13734607092694023 0.07891097791787129 0.040553361269880545
136 0.6089704489244777 0.9019281914893615 0.058510638297872335 0.0538563829787234
83 0.6823213353811284 0.5703352695060232 0.13872062560377277 0.05053191489361702
39 0.644825918762089 0.2599734042553192 0.03820116054158607 0.0398936170212766
72 0.6714216634429401 0.5129654255319149 0.08172147001934237 0.0339095744680851
28 0.6636847195357833 0.1918218085106383 0.05851063829787234 0.04454787234042553
51 0.6714216634429401 0.3171542553191489 0.059477756286266927 0.03324468085106383
60 0.6728723404255319 0.4621010638297872 0.05367504835589942 0.034574468085106384
125 0.7050290135396519 0.8301196808510638 0.10735009671179883 0.06848404255319149
7 0.688588007736944 0.07945478723404255 0.05705996131528046 0.03523936170212766
105 0.7117988394584139 0.6974734042553191 0.10348162475822051 0.0398936170212766
94 0.6742607104254869 0.6313164893617019 0.07964443623291097 0.036569148936170214
137 0.691247582205029 0.8896276595744681 0.04013539651837524 0.04920212765957447
40 0.7204601889400776 0.2613487305014084 0.1052679300115483 0.048537234042553175
29 0.7454061895551257 0.20678191489361702 0.07785299806576403 0.04521276595744681
61 0.7316247582205029 0.45478723404255317 0.05029013539651837 0.03324468085106383
52 0.7348838827891473 0.3114047446882827 0.06014021644919744 0.035904255319148926
138 0.7412959381044487 0.8929521276595744 0.05319148936170213 0.030585106382978722
95 0.7482440621122095 0.625 0.05569374464879279 0.05452127659574468
8 0.7630560928433269 0.07878989361702128 0.08220502901353965 0.03922872340425532
73 0.7674081237911026 0.5059840425531915 0.08123791102514506 0.04521276595744681
18 0.7272421609941402 0.13696808510638295 0.0672920645567696 0.035904255319148926
115 0.741371565647849 0.7532789290730594 0.1751589090978047 0.048537234042553175
84 0.804642166344294 0.5691489361702128 0.08704061895551257 0.03590425531914894
62 0.7981141199226306 0.4507978723404255 0.07011605415860735 0.03324468085106383
106 0.8322050290135397 0.6878324468085106 0.1276595744680851 0.03789893617021277
126 0.8118955512572534 0.8191489361702128 0.08123791102514506 0.04654255319148936
19 0.8068181818181818 0.13863031914893617 0.06818181818181818 0.03922872340425532
139 0.804642166344294 0.8959441489361702 0.06382978723404255 0.03125
41 0.8300290135396519 0.24634308510638298 0.07108317214700194 0.04321808510638298
96 0.8346228239845261 0.6220079787234043 0.08027079303675048 0.0339095744680851
30 0.8372823984526112 0.1981382978723404 0.07205029013539652 0.031914893617021274
9 0.8406673114119922 0.07712765957446809 0.06334622823984526 0.034574468085106384
57 0.8455029013539652 0.5126329787234043 0.06044487427466151 0.031914893617021274
63 0.8684719535783365 0.45611702127659576 0.058027079303675046 0.043882978723404256
116 0.8660541586073501 0.7616356382978723 0.05029013539651837 0.04321808510638298
140 0.879835589941973 0.9042553191489362 0.06624758220502901 0.061170212765957445
127 0.9059477756286267 0.824468085106383 0.09042553191489362 0.043882978723404256
42 0.9075865479845919 0.2546997943311956 0.08174047620600859 0.04188829787234041
31 0.9059477756286267 0.19913563829787234 0.054642166344294 0.04055851063829787
10 0.9269825918762089 0.06715425531914894 0.09284332688588008 0.0398936170212766
85 0.9325435203094777 0.5651595744680851 0.1029980657640232 0.030585106382978722
97 0.9228723404255319 0.6146941489361702 0.08172147001934237 0.04188829787234043
75 0.9269825918762089 0.5116356382978723 0.08704061895551257 0.036569148936170214
117 0.9350040276943516 0.757313829787234 0.07007757434841895 0.04388297872340425
64 0.9511605415860735 0.44381648936170215 0.097678916827853 0.06582446808510638
107 0.9362129251798444 0.6846514326216356 0.06358418282859439 0.036569148936170214
141 0.9424564796905223 0.8899601063829787 0.058027079303675046 0.03922872340425532
128 0.976063829787234 0.8271276595744681 0.047872340425531915 0.0425531914893617
3 0.35759616883329964 0.07292543604758929 0.09482537485907981 0.06629585095235391
48 0.43559768686254274 0.3160102228728869 0.0550598950794657 0.06629585095235388
123 0.5253249232883386 0.8382742042642082 0.0550598950794657 0.047143716232784946
13 0.26633949087751857 0.13627480473539413 0.06117766119940633 0.04567047510051049
20 0.9061558642546431 0.13185508133857055 0.11113941784558816 0.06629585095235388
80 0.3883310140707992 0.5819123936183206 0.047922501272868345 0.03535778717458887
87 0.12373762938336674 0.6437885211738508 0.04894212895952507 0.06482260982007934
