140 0.06826923076923076 0.9526098901098901 0.07596153846153846 0.034340659340659344
130 0.07009185661492877 0.8869278703591889 0.06688421309203575 0.02680310664575794
27 0.09551066306688329 0.20809726797329584 0.10961538461538473 0.056069590766143915
122 0.08990384615384618 0.8265796703296703 0.10192307692307694 0.042447287424094454
70 0.0745192307692308 0.5194024725274727 0.11031461993406846 0.03070732592702536
42 0.08485576923076923 0.782967032967033 0.08221153846153846 0.025412087912087912
0 0.1032686103930454 0.04815321301449377 0.15970778300420163 0.06249962632763209
97 0.07524038461538464 0.6662087912087912 0.06553004729445397 0.04414853473947283
62 0.08846153846153848 0.4721840659340659 0.08653846153846154 0.033001896977780006
9 0.07524362078429063 0.10639021368980267 0.08713691618354995 0.03215360558462885
79 0.12379807692307693 0.5753777472527473 0.15625 0.026442307692307692
87 0.07283653846153847 0.6217376373626373 0.05144230769230769 0.02506868131868132
18 0.10312500000000004 0.1606484554480444 0.11650272539634558 0.03415862815738141
53 0.10974867295142446 0.4259629639877585 0.15272748276570097 0.054747446076248846
106 0.11238966755174919 0.7284712576458464 0.1481668014221903 0.04281219715162675
45 0.09669795846308273 0.31617159949701057 0.12353484640781372 0.03949175824175824
36 0.09128112776258701 0.26689275334316476 0.12771432324304766 0.058426388223557287
88 0.13581730769230768 0.6188186813186813 0.06298076923076923 0.030906593406593408
131 0.15240384615384617 0.8925137362637363 0.06826923076923076 0.027472527472527472
141 0.17211538461538461 0.9488324175824175 0.09038461538461538 0.021291208791208792
10 0.18443355374575499 0.11037230464709914 0.11432581799039973 0.04632201482177263
63 0.18413461538461542 0.4768200549450551 0.09257122649533943 0.044358298606879176
123 0.18028846153846154 0.8262362637362637 0.05576923076923077 0.03983516483516483
98 0.19903846153846153 0.6727335164835165 0.08653846153846154 0.040521978021978024
71 0.17317107468064394 0.5263435622929458 0.07661663238795229 0.04063824207281769
37 0.2173076923076923 0.271978021978022 0.0903846153846154 0.049885732199838516
115 0.23319249393651298 0.7789520268766161 0.16746426820733906 0.046327636611698836
28 0.2137019230769231 0.21033653846153846 0.06586538461538463 0.039037012762831405
46 0.22716346153846154 0.32554945054945056 0.09182692307692308 0.03708791208791209
19 0.21634615384615385 0.1622596153846154 0.08267342603925534 0.03294955385622495
1 0.2323825770694719 0.049278846153846194 0.09209469411942962 0.04410167799947357
54 0.264423076923077 0.4314903846153845 0.12211538461538463 0.05317041003491954
132 0.25264423076923076 0.895260989010989 0.0889423076923077 0.022664835164835164
43 0.24783653846153847 0.6201923076923077 0.07836538461538461 0.04189560439560439
107 0.26057692307692315 0.7359203296703297 0.09326923076923078 0.041849100053895395
119 0.29783653846153846 0.8403159340659341 0.13701923076923078 0.05491378450106013
81 0.24711538461538463 0.5755494505494505 0.03461538461538462 0.02403846153846154
72 0.284375 0.5278159340659342 0.1270134802046373 0.033858685768837014
64 0.34783330229263254 0.4833776953529009 0.1658653846153846 0.0418956043956044
99 0.3331730769230769 0.6796016483516484 0.14038461538461539 0.042852627671301484
20 0.3215566446254245 0.1694711538461538 0.11586538461538465 0.043730761041488604
47 0.3125812069280969 0.33310439560439564 0.08125 0.036401098901098904
11 0.3179508753946556 0.11451897126999905 0.1386887524307001 0.05187620488570807
29 0.32836538461538467 0.2208104395604396 0.09134615384615384 0.036618581026950495
38 0.32956730769230774 0.27008928571428575 0.09375 0.03937069888365752
2 0.3319711538461537 0.05271291208791209 0.10064418304951601 0.05115295791833897
82 0.3800480769230769 0.586195054945055 0.13413461538461538 0.03525887952407454
90 0.3504807692307692 0.6303228021978022 0.07019230769230769 0.04179619015432213
133 0.36215899144308256 0.8998569352577573 0.08570683163150825 0.0504640193989504
116 0.359375 0.7867445054945055 0.05432692307692308 0.019230769230769232
55 0.3793269230769231 0.4364697802197802 0.08313647128607693 0.04417413223842442
108 0.40240384615384617 0.7355769230769232 0.06634615384615385 0.03143705169570758
125 0.4439903846153847 0.8415178571428573 0.13413461538461538 0.050621141124789513
48 0.4098557692307692 0.3277815934065934 0.06490384615384616 0.029876373626373628
73 0.4322115384615385 0.5300480769230769 0.09615384615384616 0.033997252747252744
30 0.42056244176937924 0.21686126373626377 0.07466012192440738 0.045026495631979024
3 0.452431274368734 0.049660418090905795 0.1284077237404385 0.058203959352355616
12 0.43451152450494607 0.11706160558742777 0.08562276993953552 0.052068371448126184
117 0.46057692307692305 0.7882898351648352 0.1346153846153846 0.029876373626373628
39 0.42908653846153844 0.27438186813186816 0.058173076923076925 0.04195385710619548
21 0.4654431691303704 0.16939819594881253 0.15077914702030337 0.043332361618652664
91 0.4411057692307692 0.6262019230769231 0.07355769230769231 0.03537087912087912
100 0.4807692307692308 0.6832074175824177 0.13365384615384618 0.048264137959511726
134 0.4584134615384615 0.9050480769230769 0.06009615384615385 0.029876373626373628
56 0.4737980769230769 0.43492445054945056 0.07836538461538463 0.056873663037726334
65 0.5102553315334417 0.4933364865616921 0.12524625184878033 0.0347906255135501
109 0.5204326923076924 0.7431318681318683 0.10817307692307694 0.04039002130607664
83 0.5478983283761997 0.5919270940025051 0.15863262667557615 0.03736578481994546
49 0.5168269230769231 0.32967032967032966 0.09326923076923077 0.034340659340659344
40 0.534375 0.2774725274725275 0.11778846153846154 0.044990683823869504
13 0.5338715775868893 0.11998768926248371 0.1035430077312771 0.042250029503455924
92 0.5326923076923078 0.6387362637362638 0.08173076923076925 0.03911628778363642
57 0.5302884615384615 0.537603021978022 0.07211538461538462 0.03651949655358654
135 0.5645822546103646 0.9023995695751869 0.1057692307692308 0.050824175824175845
57 0.5620972015284217 0.44316620879120877 0.06971153846153846 0.03846741831496148
4 0.5634615384615385 0.05546016483516483 0.075 0.03981977301040204
126 0.5838942307692307 0.8490728021978022 0.1110576923076923 0.036744505494505496
22 0.5855769230769231 0.1717032967032967 0.06905966239678239 0.03807800934158428
101 0.6036057692307693 0.6911057692307693 0.08221153846153847 0.03896683245598922
32 0.6084134615384615 0.22596153846153846 0.08702572839905738 0.032344057012425514
118 0.6098557692307692 0.7991071428571429 0.055288461538461536 0.019917582417582416
75 0.6233173076923078 0.539320054945055 0.08125 0.042988213762779254
14 0.6288429176772481 0.12053571428571436 0.0862380428393535 0.029608077187906773
93 0.6362980769230769 0.6421703296703297 0.09951923076923078 0.04048240346060593
66 0.6423076923076927 0.49227335164835173 0.11604809177628139 0.04225122292102089
110 0.621946498421379 0.7411043437045493 0.06148706909291605 0.04916104999166841
41 0.6480769230769231 0.27438186813186816 0.08173076923076923 0.04189560439560439
58 0.6572115384615385 0.4352678571428572 0.0875 0.04492847778223385
5 0.6536057692307693 0.055975274725274735 0.0764423076923077 0.04389706914293544
23 0.6692307692307692 0.175309065934066 0.07596153846153847 0.030147566234999704
136 0.6699519230769231 0.9158653846153846 0.07067307692307692 0.03159340659340659
50 0.6253539532325415 0.33770746948226393 0.1213765009039399 0.04143988297029282
84 0.686298076923077 0.5940934065934066 0.08221153846153847 0.039021890651129945
127 0.7073996942175717 0.8585976679466026 0.10625 0.03537087912087912
102 0.678846153846154 0.686298076923077 0.04230769230769232 0.04196413788021923
111 0.7201923076923077 0.7493131868131868 0.10480769230769231 0.03021978021978022
33 0.7363501583310204 0.22849704514786756 0.16032880989961085 0.04454079322841676
60 0.7093750000000001 0.5413804945054945 0.06394230769230769 0.04396613494736196
15 0.7328450130417836 0.11916208791208795 0.1255778825491367 0.05401144956723344
51 0.7276442307692308 0.3336195054945055 0.07836538461538463 0.0405961302218942
119 0.7102032501254993 0.8046016483516493 0.11133980611426005 0.04832348721534645
6 0.7550480769230771 0.05151098901098902 0.10240384615384615 0.04355287975769066
67 0.7516826923076925 0.49502060439560447 0.08798076923076925 0.0416175815444373
103 0.7627403846153846 0.6984890109890111 0.09855769230769232 0.03333688599044399
24 0.7480769230769232 0.17805631868131871 0.06634615384615385 0.041843227268249295
59 0.7649785807441312 0.43990384615384626 0.0870192307692308 0.047993140133929475
94 0.7685096153846155 0.6423420329670331 0.09086538461538463 0.0439820773183067
42 0.7709134615384615 0.28176510989010994 0.08125 0.040934805519875446
137 0.7532938861940062 0.9127418101416046 0.06022004175083735 0.03331043956043956
77 0.8242788461538463 0.5400068681318682 0.13701923076923078 0.035087784094717446
52 0.8108173076923078 0.3353365384615385 0.06971153846153846 0.047186839133671304
85 0.8192404777374876 0.5924822466568357 0.12000179460267932 0.03085543544162973
112 0.8627403846153846 0.758070054945055 0.14278846153846153 0.034684065934065936
25 0.8601288182406616 0.17461512511615288 0.14142733052631148 0.053671961667840946
120 0.8435096153846153 0.8068337912087912 0.09182692307692308 0.038804945054945056
68 0.8719400260835675 0.4984875854627913 0.12451353554397723 0.0388964773026636
104 0.8598557692307692 0.7003777472527474 0.08509615384615385 0.039175165724251955
128 0.8583225461036468 0.8625386172380011 0.10202487630426316 0.06133003850151869
60 0.854326923076923 0.44625686813186816 0.059615384615384626 0.054300056233440516
95 0.8663461538461539 0.6394230769230769 0.07788461538461539 0.042582417582417584
7 0.8552884615384616 0.05803571428571429 0.051923076923076926 0.04181438208007096
43 0.8714657291906096 0.27688445968507647 0.08728748190313823 0.060616306877179345
16 0.8454488731522223 0.12036401098901096 0.11189131419858815 0.039157663169764725
34 0.8822115384615385 0.2287087912087912 0.07379195003743459 0.02888138944713683
139 0.8925480769230769 0.9222184065934066 0.07163461538461538 0.02506868131868132
8 0.9478106491102912 0.054912139811934255 0.12517163459584518 0.03919929454614071
17 0.9424668699949804 0.11881868131868134 0.09751656166025356 0.03776289461953567
121 0.9444711538461539 0.814732142857143 0.08798076923076925 0.04130065561485408
61 0.9430288461538463 0.4464285714285715 0.08413461538461539 0.0410479224509763
86 0.9365384615384617 0.5946085164835165 0.06826923076923078 0.058239595059166344
105 0.9524038461538461 0.7031250000000001 0.09519230769230769 0.033126465507836586
78 0.9430288461538463 0.5475618131868132 0.07163461538461538 0.03735347177378156
129 0.9591346153846154 0.8646978021978022 0.08173076923076923 0.02815934065934066
96 0.9608173076923078 0.648695054945055 0.07836538461538463 0.028279820745962008
35 0.9657809415183818 0.22866874844457066 0.08244720300386107 0.05554953393877165
44 0.9632211538461539 0.28193681318681324 0.07067307692307694 0.05040650426541938
113 0.9740352253695559 0.7548076923076925 0.07586807645799254 0.056575126855571985
26 0.9729924799799207 0.17702609890109897 0.07584117285389547 0.04305805009160731
70 0.9792424799799203 0.49694225579246165 0.07712041182733775 0.041741927140994325
138 0.8090384853532132 0.9192069423092766 0.043393597042422204 0.03651628748714368
31 0.5135630429730643 0.21854764045115788 0.07991597920007469 0.04823203411392563
