102 0.04780114722753346 0.6868791390728477 0.04110898661567878 0.03435430463576159
111 0.09201720841300191 0.7545529801324503 0.12380497131931166 0.026490066225165563
119 0.09010516252390058 0.8114652317880795 0.11998087954110899 0.029387417218543047
9 0.07217973231357552 0.10140728476821192 0.08221797323135756 0.023178807947019868
128 0.07719885277246653 0.8661009933774835 0.0913001912045889 0.02359271523178808
48 0.07409177820267686 0.31932947019867547 0.07934990439770555 0.04097682119205298
64 0.11352772466539197 0.47371688741721857 0.15822179732313577 0.04346026490066225
83 0.11089866156787763 0.5860927152317881 0.15200764818355642 0.03394039735099338
37 0.07863288718929254 0.26552152317880795 0.07982791586998088 0.028559602649006623
139 0.08652007648183556 0.9232201986754967 0.09369024856596558 0.026903973509933773
18 0.09177820267686425 0.15749172185430463 0.10325047801147227 0.03518211920529801
0 0.09775334608030593 0.048841059602649006 0.11233269598470363 0.027317880794701987
103 0.13766730401529637 0.695364238410596 0.10611854684512428 0.02566225165562914
49 0.1711281070745698 0.3199503311258278 0.09082217973231357 0.03228476821192053
38 0.16443594646271512 0.2667632450331126 0.07361376673040153 0.020281456953642384
129 0.15200764818355642 0.8654801324503312 0.04780114722753346 0.027317880794701987
57 0.16897705544933078 0.5335264900662252 0.07695984703632887 0.024834437086092714
140 0.1835564053537285 0.9323261589403974 0.0841300191204589 0.03766556291390728
28 0.1885755258126195 0.2077814569536424 0.07504780114722753 0.037251655629139076
19 0.18690248565965584 0.15418046357615894 0.05736137667304015 0.03435430463576159
54 0.20793499043977057 0.427773178807947 0.0965583173996176 0.024420529801324503
1 0.2042294180407423 0.04818510612835212 0.07192915443185317 0.037217905843666216
130 0.2339866156787763 0.875 0.07600382409177821 0.02566225165562914
104 0.23637667304015297 0.6963990066225165 0.07409177820267686 0.02359271523178808
84 0.23948374760994265 0.5951986754966887 0.07934990439770555 0.026490066225165563
65 0.26410133843212236 0.47557947019867547 0.11711281070745698 0.02152317880794702
39 0.248565965583174 0.2713162251655629 0.07170172084130019 0.02359271523178808
75 0.2695984703632887 0.5329056291390728 0.10707456978967496 0.021109271523178808
50 0.2695984703632887 0.32367549668874174 0.0841300191204589 0.043874172185430466
141 0.27246653919694075 0.9321192052980133 0.0745697896749522 0.027317880794701987
20 0.29421606118546845 0.15935430463576158 0.11424474187380497 0.03642384105960265
29 0.2846558317399618 0.22185430463576158 0.0855640535372849 0.03145695364238411
2 0.2872848948374761 0.05256622516556291 0.08508604206500955 0.023178807947019868
11 0.29183624186461976 0.10539204279422675 0.09273422562141492 0.03642384105960264
121 0.3042543021032505 0.8218129139072847 0.08173996175908221 0.029387417218543047
55 0.3115654366253997 0.42654900322721445 0.06978967495219889 0.03228476821192053
40 0.36018164435946465 0.27442052980132453 0.11998087954110899 0.030629139072847682
105 0.34536328871892924 0.7024006622516556 0.08652007648183556 0.030629139072847682
51 0.35779158699808794 0.3263658940397351 0.06739961759082218 0.02359271523178808
60 0.36352772466539196 0.539114238410596 0.06357552581261951 0.026903973509933773
113 0.3723709369024857 0.7690397350993378 0.08030592734225621 0.033112582781456956
66 0.38934034416826 0.4788907284768212 0.10850860420650095 0.02152317880794702
30 0.374282982791587 0.21937086092715233 0.07743785850860421 0.020695364238410598
56 0.38910133843212236 0.4281870860927152 0.06787762906309751 0.030215231788079472
21 0.4285372848948375 0.16763245033112584 0.12189292543021032 0.04552980132450331
132 0.41921606118546845 0.8814155629139073 0.09177820267686425 0.026903973509933773
12 0.4029636711281071 0.1090645695364238 0.07465948753239321 0.0441248280113724
106 0.4701242829827916 0.7063327814569537 0.15152963671128106 0.026076158940397352
3 0.413010183108628 0.048167559854779864 0.10571157264201386 0.0373875436587404
31 0.4619980879541109 0.22102649006622516 0.07791586998087954 0.027317880794701987
77 0.47358888266789334 0.5350592952902921 0.11328871892925431 0.031870860927152314
57 0.45936902485659653 0.4329470198675497 0.0621414913957935 0.02152317880794702
41 0.4732313575525813 0.2713162251655629 0.07839388145315487 0.03518211920529801
13 0.49091778202676867 0.10927152317880795 0.07552581261950286 0.02566225165562914
67 0.494980879541109 0.4819950331125828 0.08365200764818356 0.025248344370860928
97 0.502868068833652 0.6477649006622517 0.09082217973231357 0.029801324503311258
133 0.515057361376673 0.8855546357615894 0.0913001912045889 0.03766556291390728
123 0.510755258126195 0.8213990066225165 0.058795411089866155 0.03849337748344371
4 0.5188814531548758 0.052152317880794705 0.07409177820267686 0.026490066225165563
58 0.5394359464627151 0.43232615894039733 0.08365200764818356 0.03187086092715232
22 0.5394359464627151 0.16142384105960264 0.0788718929254302 0.03228476821192053
32 0.5556883365200764 0.21978476821192053 0.06357552581261951 0.023178807947019868
14 0.5688336520076482 0.10513245033112582 0.06309751434034416 0.018211920529801324
115 0.5918089167984483 0.7680225131609895 0.15575450480864894 0.0314569536423841
119 0.6006214149139579 0.8305049668874173 0.10946462715105162 0.026903973509933773
78 0.5834130019120459 0.5438741721854304 0.06644359464627152 0.022350993377483443
68 0.5969178094927188 0.48549569875954013 0.08223537045286364 0.02276490066225165
107 0.5920172084130019 0.7139900662251656 0.07695984703632887 0.03394039735099338
98 0.6075525812619503 0.6496274834437086 0.09751434034416825 0.03435430463576159
5 0.5989483747609943 0.049875827814569534 0.07170172084130019 0.021109271523178808
15 0.6706500956022945 0.10451158940397351 0.11663479923518165 0.03269867549668874
59 0.6474543341786241 0.43772449991595636 0.10186403992224394 0.04966887417218541
79 0.6651612347338675 0.5454947087773586 0.06444679988102921 0.026490066225165552
69 0.6837954110898662 0.490273178807947 0.06357552581261951 0.022764900662251654
6 0.7043499043977055 0.052152317880794705 0.0979923518164436 0.024006622516556293
135 0.7059697873702409 0.8938503277305255 0.10144475379560422 0.04470198675496687
99 0.7339866156787763 0.6599751655629139 0.13336520076481836 0.025248344370860928
43 0.7091300191204589 0.6086506622516556 0.07026768642447419 0.03187086092715232
44 0.7131931166347992 0.2729718543046358 0.07074569789674952 0.01945364238410596
24 0.7165391969407265 0.16080298013245034 0.06118546845124283 0.025248344370860928
116 0.7225143403441683 0.7775248344370861 0.06644359464627152 0.027731788079470198
60 0.7380292371120607 0.43480960264900664 0.057026947711299424 0.0211092715231788
70 0.7617112810707457 0.4925496688741722 0.06453154875717017 0.02152317880794702
109 0.7906309751434034 0.7216473509933775 0.10516252390057361 0.03849337748344371
16 0.77927721918797 0.10554635761589402 0.08030592734225622 0.025662251655629135
34 0.77868068833652 0.21750827814569537 0.05449330783938815 0.026076158940397352
90 0.7894359464627151 0.6111341059602649 0.06644359464627152 0.021937086092715233
117 0.8295889101338432 0.7798013245033113 0.11998087954110899 0.024834437086092714
61 0.7987571701720841 0.4341887417218543 0.05640535372848948 0.023178807947019868
136 0.8161411936891775 0.9063026388207163 0.08210073045180133 0.041727052069892225
81 0.7915869980879541 0.5550496688741722 0.03154875717017208 0.024006622516556293
7 0.8056761315017599 0.04780629139072845 0.06417905301246422 0.02442052980132449
35 0.8487093690248566 0.21047185430463577 0.06931166347992351 0.03766556291390728
17 0.8859942638623327 0.10202814569536424 0.10564053537284895 0.026076158940397352
62 0.872848948374761 0.4383278145695364 0.06883365200764818 0.028973509933774833
110 0.8781070745697896 0.7293046357615894 0.05353728489483748 0.027317880794701987
8 0.9106118546845124 0.04904801324503311 0.11089866156787763 0.030215231788079472
46 0.88934034416826 0.27545529801324503 0.058795411089866155 0.03352649006622516
137 0.8855162523900574 0.9095612582781457 0.04158699808795411 0.03849337748344371
72 0.9206500956022945 0.5014486754966887 0.08795411089866156 0.021109271523178808
26 0.9268642447418738 0.15811258278145696 0.06787762906309751 0.023178807947019868
92 0.9402485659655831 0.6127897350993378 0.07743785850860421 0.022764900662251654
63 0.9445506692160612 0.44019039735099336 0.07552581261950286 0.03435430463576159
118 0.9452676864244742 0.7887003311258278 0.061663479923518165 0.021109271523178808
138 0.9373804971319312 0.9095612582781457 0.04397705544933078 0.02359271523178808
47 0.9514818355640535 0.27607615894039733 0.05975143403441682 0.0347682119205298
10 0.17780605746451916 0.10190241303314065 0.11370096505120081 0.04838531841861354
23 0.635576029801093 0.15761884030305928 0.07613021138210838 0.04838531841861356
25 0.8155201657951672 0.15468639676253726 0.13149763784182364 0.051317761959135594
36 0.9232889065828269 0.20820349137706434 0.07019798711856756 0.05278398372939659
33 0.6632597430309504 0.21700082199863047 0.13742986210536434 0.05864887081044068
27 0.08585658137963507 0.20747038049193386 0.10183651652411899 0.048385318418613536
42 0.5490644259577878 0.2734503601536796 0.05536742645971512 0.0630475361212237
43 0.6316212136253989 0.27564969280907115 0.07415280329426144 0.043986653107830516
45 0.8036557172680853 0.27271724926854907 0.08997206799703708 0.06451375789148477
52 0.4309142927089314 0.3277005656533372 0.06624317094287352 0.057182649040179695
53 0.08585658137963507 0.41567387186899823 0.11172355696335384 0.05425020549965765
71 0.8318337825199046 0.4911842930374405 0.06129965072325605 0.05278398372939655
73 0.07646389296236196 0.5307722808344881 0.08107373160172579 0.05864887081044063
82 0.8684158321450737 0.5542318291586643 0.10282522056804236 0.04985154018887451
91 0.8595174957497622 0.607015812888061 0.06129965072325617 0.0498515401888746
87 0.5609288744848698 0.5960191496111031 0.04753283937975322 0.057182649040179674
86 0.4788664388392204 0.5901542625300592 0.07118669116249088 0.05425020549965765
85 0.3681315859197901 0.5923535951854507 0.1127122610072773 0.04691909664835256
93 0.09574362181886992 0.6341409156378898 0.12952022975397656 0.04838531841861358
94 0.20993893889203247 0.6392726918338034 0.09096077204096069 0.04691909664835256
95 0.30386582306476356 0.6414720244891948 0.08305113968957278 0.04252043133756958
96 0.39630965117160943 0.6436713571445863 0.0860172518213432 0.04398665310783044
100 0.8624836078815327 0.6678640163538931 0.10084781248019542 0.03958798779704738
101 0.9504782677907229 0.667864016353893 0.05734483454756217 0.036655544256525334
108 0.6939095683925784 0.7103844476914626 0.07810761946995544 0.04545287487809154
42 0.45464318976309503 0.7661008749613811 0.06822057903072058 0.04838531841861341
112 0.24108311627562223 0.7565704334546846 0.13742986210536445 0.05864887081044063
120 0.2015349545186828 0.8100875280692117 0.08206243564564926 0.0425204313375695
122 0.4061966916108443 0.8210841913461694 0.09590429226057808 0.041054209567308396
125 0.7344464341934415 0.832080854623127 0.1255654135782827 0.05425020549965765
126 0.8595174957497621 0.8401450743595625 0.0909607720409606 0.05571642726991859
127 0.9499839157687611 0.8401450743595625 0.06624317094287357 0.04985154018887451
134 0.6098697246590822 0.8958615016294813 0.054378722415791704 0.05571642726991859
131 0.3216624958553863 0.8731350641904353 0.08305113968957273 0.04545287487809154
80 0.7265368018420536 0.5505662747330117 0.054378722415791704 0.03372310071600346
88 0.6251946373398963 0.5982184822664949 0.06525446689894994 0.0498515401888746
