113 0.058823529411764705 0.8267504488330341 0.059873949579831935 0.0296229802513465
122 0.06827731092436974 0.880834829443447 0.07668067226890757 0.026481149012567325
105 0.0627626050420168 0.7677289048473968 0.06039915966386555 0.02289048473967684
96 0.06538865546218488 0.7105026929982047 0.06355042016806722 0.019748653500897665
131 0.06538865546218488 0.9412028725314183 0.06355042016806722 0.025134649910233394
78 0.059873949579831935 0.5985188509874326 0.051470588235294115 0.02289048473967684
69 0.06092436974789916 0.5424147217235189 0.05042016806722689 0.025583482944344704
61 0.06853991596638656 0.486310592459605 0.06144957983193277 0.02378815080789946
86 0.07457983193277311 0.6541741472172352 0.06932773109243698 0.036355475763016155
28 0.0821953781512605 0.22127468581687612 0.06775210084033613 0.03859964093357271
10 0.09480042016806722 0.11736983842010772 0.09086134453781512 0.0210951526032316
18 0.09112394957983194 0.17169119439318895 0.08350840336134457 0.03913186102942407
36 0.08324579831932773 0.28096947935368044 0.06565126050420168 0.02872531418312388
53 0.09322478991596639 0.4382854578096948 0.08245798319327731 0.03096947935368043
46 0.0779936974789916 0.34156193895870735 0.050945378151260504 0.03770197486535009
0 0.11108193277310924 0.06732495511669659 0.10871848739495799 0.03052064631956912
70 0.13629201680672268 0.5415170556552962 0.05619747899159664 0.024685816876122084
42 0.14653361344537816 0.823608617594255 0.0703781512605042 0.0296229802513465
106 0.18093487394957983 0.7699730700179533 0.12972689075630253 0.026481149012567325
79 0.15126050420168066 0.6018850987432675 0.0661764705882353 0.026929982046678635
62 0.16097689075630253 0.4887791741472172 0.08140756302521009 0.025134649910233394
132 0.15362394957983194 0.9416517055655296 0.06039915966386555 0.02333931777378815
123 0.15519957983193278 0.8772441651705566 0.05409663865546219 0.03904847396768402
37 0.16806722689075632 0.2856822262118492 0.06302521008403361 0.0210951526032316
29 0.18356092436974789 0.23025134649910234 0.09296218487394958 0.02872531418312388
97 0.16832983193277312 0.7071364452423698 0.05724789915966386 0.03904847396768402
47 0.16675420168067226 0.3494165170556553 0.05304621848739496 0.032764811490125674
87 0.16832983193277312 0.65754039497307 0.04569327731092437 0.03859964093357271
54 0.20667016806722688 0.4322262118491921 0.10451680672268908 0.02333931777378815
11 0.2027310924369748 0.1144524236983842 0.09138655462184873 0.04488330341113106
19 0.19301470588235295 0.1745960502692998 0.06460084033613446 0.02154398563734291
1 0.20345469932363427 0.060935363803416756 0.0525528002642316 0.034560143626570915
71 0.22268907563025211 0.5406193895870736 0.06512605042016807 0.031867145421903054
119 0.24789915966386555 0.880834829443447 0.0976890756302521 0.02378815080789946
133 0.2423844537815126 0.9358168761220825 0.0740546218487395 0.03411131059245961
80 0.241859243697479 0.6012118491921006 0.07090336134453781 0.0210951526032316
88 0.2421218487394958 0.6557450628366248 0.06302521008403361 0.03052064631956912
115 0.2757352941176471 0.8175493716337523 0.13025210084033614 0.032764811490125674
48 0.25131302521008403 0.3478456014362657 0.06039915966386555 0.03411131059245961
38 0.2536764705882353 0.28254039497307004 0.05357142857142857 0.0210951526032316
63 0.2612920168067227 0.49079892280071813 0.05934873949579832 0.03096947935368043
98 0.27415966386554624 0.7082585278276481 0.08088235294117647 0.03949730700179533
20 0.3017331932773109 0.1748204667863555 0.10766806722689076 0.037253141831238776
30 0.296218487394958 0.22980251346499103 0.06512605042016807 0.02244165170556553
107 0.3017331932773109 0.7679533213644524 0.06355042016806722 0.026032315978456014
72 0.3245798319327731 0.5394973070017953 0.09558823529411764 0.02423698384201077
55 0.31039915966386555 0.43357271095152605 0.06197478991596639 0.02423698384201077
12 0.3248424369747899 0.11579892280071813 0.08140756302521009 0.03321364452423698
134 0.3243172268907563 0.9371633752244165 0.06039915966386555 0.03231597845601436
49 0.35241596638655465 0.3402154398563734 0.10609243697478991 0.03949730700179533
43 0.33744747899159666 0.65754039497307 0.06985294117647059 0.03859964093357271
39 0.32615546218487396 0.28298922800718135 0.0430672268907563 0.02378815080789946
81 0.328781512605042 0.6014362657091562 0.03466386554621849 0.019748653500897665
3 0.36896008403361347 0.057899461400359065 0.10451680672268908 0.03770197486535009
125 0.3805147058823529 0.8781418312387792 0.10976890756302521 0.039946140035906644
99 0.39285714285714285 0.7145421903052065 0.11659663865546219 0.025134649910233394
64 0.4104516806722689 0.4829443447037702 0.1328781512605042 0.04129263913824058
31 0.39338235294117646 0.2324955116696589 0.06827731092436974 0.02423698384201077
82 0.415225793064897 0.6004201119595993 0.09562188253598554 0.024236983842010767
116 0.38813025210084034 0.8256283662477558 0.046218487394957986 0.019299820466786355
56 0.39679621848739494 0.4230251346499102 0.05934873949579832 0.042639138240574505
135 0.42935924369747897 0.9394075403949731 0.09821428571428571 0.04039497307001795
13 0.4132326444316083 0.12084201501166403 0.061303367497622704 0.023055989601359794
22 0.4099264705882353 0.1732495511669659 0.05724789915966386 0.03321364452423698
108 0.4162289915966387 0.7717684021543986 0.06039915966386555 0.026481149012567325
90 0.43119747899159666 0.658213644524237 0.059873949579831935 0.0210951526032316
73 0.4574579831932773 0.5399461400359067 0.07142857142857142 0.03590664272890485
117 0.48135504201680673 0.8245062836624776 0.11607142857142858 0.02244165170556553
50 0.4721808521492839 0.34626212697126335 0.07662216424493076 0.044551172781622246
4 0.45982142857142855 0.065754039497307 0.04884453781512605 0.025583482944344704
32 0.48240546218487396 0.2354129263913824 0.04989495798319328 0.025583482944344704
23 0.49159663865546216 0.18043087971274685 0.06512605042016807 0.02154398563734291
14 0.5021008403361344 0.12185816876122083 0.07878151260504201 0.02199281867145422
126 0.5065651260504201 0.8785906642728905 0.08771008403361344 0.03096947935368043
109 0.5215336134453782 0.776032315978456 0.09138655462184873 0.0296229802513465
100 0.5207457983193278 0.7149910233393177 0.08665966386554622 0.0296229802513465
41 0.5236344537815126 0.2850089766606822 0.07457983193277311 0.03590664272890485
91 0.5212710084033614 0.6546229802513465 0.05409663865546219 0.0381508078994614
5 0.5333508403361344 0.06193895870736086 0.07090336134453781 0.02064631956912029
136 0.5317752100840336 0.9434470377019749 0.06565126050420168 0.04039497307001795
65 0.5554096638655462 0.486310592459605 0.10766806722689076 0.024685816876122084
57 0.5470063025210085 0.5417414721723519 0.0667016806722689 0.02154398563734291
83 0.5598109873980647 0.5987307086588756 0.13222775029289016 0.05175374226695512
33 0.5908613445378151 0.23406642728904847 0.1207983193277311 0.048025134649910234
57 0.5614495798319328 0.43065529622980253 0.06197478991596639 0.02199281867145422
51 0.5656512605042017 0.35166068222621183 0.0661764705882353 0.02378815080789946
24 0.573266806722689 0.18087971274685816 0.05514705882352941 0.02064631956912029
15 0.615546218487395 0.11781867145421904 0.10399159663865547 0.024685816876122084
127 0.6042542016806722 0.8770197486535009 0.07195378151260504 0.03680430879712747
92 0.6079306722689075 0.6561938958707361 0.06775210084033613 0.02064631956912029
42 0.6228991596638656 0.2971274685816876 0.08508403361344538 0.03231597845601436
101 0.6129201680672269 0.7152154398563735 0.06512605042016807 0.02917414721723519
6 0.6323529411764706 0.06440754039497307 0.09873949579831932 0.026481149012567325
118 0.6024159663865546 0.8305655296229802 0.032563025210084036 0.0210951526032316
137 0.6063550420168067 0.9427737881508079 0.03623949579831933 0.033662477558348294
110 0.6160714285714286 0.7728904847396768 0.0546218487394958 0.026929982046678635
58 0.6504726890756303 0.4221274685816876 0.08140756302521009 0.035457809694793535
25 0.6738445378151261 0.1736983842010772 0.11974789915966387 0.03770197486535009
52 0.6486344537815126 0.35502692998204666 0.052521008403361345 0.026929982046678635
66 0.6769957983193278 0.48227109515260325 0.09243697478991597 0.026481149012567325
75 0.6509349369778966 0.5369102376328486 0.07897670151313446 0.03671776140819372
119 0.6927521008403361 0.8296678635547576 0.09873949579831932 0.02827648114901257
138 0.6633403361344538 0.9495062836624776 0.03676470588235294 0.0210951526032316
84 0.6901260504201681 0.5960502692998204 0.06302521008403361 0.02244165170556553
111 0.7121848739495799 0.774685816876122 0.10609243697478991 0.025134649910233394
102 0.6790966386554622 0.7048922800718133 0.032563025210084036 0.032764811490125674
93 0.7192752100840336 0.6550718132854578 0.09506302521008403 0.025583482944344704
43 0.7059138340320605 0.2914362445108 0.06454025166782847 0.05791241971917533
16 0.725577731092437 0.12410233393177737 0.07615546218487394 0.02378815080789946
128 0.7268920023601447 0.8866571000412813 0.08668847167452555 0.04697887312010892
34 0.7221638655462185 0.23922800718132856 0.06302521008403361 0.02064631956912029
139 0.7410714285714286 0.952423698384201 0.07668067226890757 0.026032315978456014
7 0.7360819327731093 0.06283662477558348 0.04989495798319328 0.026929982046678635
60 0.7402836134453782 0.5343357271095153 0.05724789915966386 0.02199281867145422
59 0.7712710084033614 0.4216786355475763 0.09716386554621849 0.039946140035906644
103 0.7599789915966386 0.7131956912028725 0.07457983193277311 0.026929982046678635
67 0.7767857142857143 0.47868043087971274 0.0819327731092437 0.02827648114901257
26 0.779936974789916 0.18110412926391384 0.0661764705882353 0.020197486535008975
44 0.7828256302521008 0.29376122082585276 0.04779411764705882 0.0210951526032316
85 0.8075419852925644 0.5942423783177625 0.08613088664623855 0.02468581687612208
120 0.7962184873949579 0.8249551166965888 0.07142857142857142 0.03949730700179533
35 0.8040966386554622 0.2289048473967684 0.07773109243697479 0.03949730700179533
8 0.8269432773109243 0.059694793536804305 0.10346638655462184 0.025134649910233394
17 0.8359662920121469 0.12342908438061041 0.1130500394941033 0.02154398563734291
112 0.8476890756302521 0.7744614003590664 0.12289915966386554 0.03007181328545781
94 0.8261724487879397 0.6560879670350146 0.06063176862630043 0.04165485959484912
129 0.8235294117647058 0.8830789946140036 0.06302521008403361 0.032764811490125674
77 0.8562775853472219 0.5342046805825682 0.11324222033865101 0.03900099759965425
140 0.8469012605042017 0.9593806104129264 0.06880252100840337 0.033662477558348294
104 0.853203781512605 0.7122980251346499 0.0667016806722689 0.02333931777378815
45 0.8639705882352942 0.2865798922800718 0.0861344537815126 0.042639138240574505
60 0.8605567226890757 0.4236983842010772 0.05514705882352941 0.02154398563734291
68 0.8891806722689075 0.47666068222621183 0.10609243697478991 0.02244165170556553
27 0.8799894957983193 0.17347396768402154 0.07615546218487394 0.034560143626570915
121 0.8897058823529411 0.8332585278276481 0.07563025210084033 0.02827648114901257
130 0.8965336134453782 0.8920556552962298 0.051470588235294115 0.020197486535008975
95 0.9115021008403361 0.651032315978456 0.06144957983193277 0.043536804308797125
141 0.9246323529411765 0.9535332221238667 0.05765659798136939 0.03607536995386575
9 0.9277836134453782 0.05408438061041292 0.05934873949579832 0.0210951526032316
40 0.4195441962038113 0.2893348897744502 0.09096077204096055 0.03955464315903882
2 0.2598684931101684 0.0615294449140603 0.054378722415791676 0.04394960351004307
