107 0.07590996168582376 0.772239263803681 0.07614942528735633 0.03425357873210634
43 0.07567049808429119 0.6643660531697342 0.07375478927203065 0.0434560327198364
80 0.07902298850574713 0.6201431492842536 0.07758620689655173 0.026584867075664622
99 0.11087164750957855 0.7216257668711656 0.13553639846743296 0.028118609406952964
132 0.07734674329501916 0.9422290388548057 0.06273946360153257 0.027607361963190184
70 0.08405172413793104 0.5695296523517382 0.07423371647509579 0.028629856850715747
62 0.09123563218390805 0.5135480572597138 0.08668582375478927 0.03834355828220859
119 0.10272988505747127 0.8813905930470347 0.10775862068965517 0.03374233128834356
9 0.08955938697318008 0.14800613496932516 0.05555555555555555 0.025051124744376277
18 0.11159003831417624 0.19452965235173825 0.09865900383141762 0.03425357873210634
46 0.09554597701149425 0.3320552147239264 0.06561302681992337 0.0434560327198364
36 0.10560344827586207 0.2789323628457847 0.08477011494252873 0.040975811904373945
133 0.16834291187739464 0.9360940695296524 0.09243295019157088 0.0408997955010225
10 0.17480842911877395 0.15030674846625766 0.09291187739463602 0.027607361963190184
90 0.16331417624521072 0.6661554192229039 0.06226053639846743 0.023517382413087935
81 0.15086206896551724 0.6163087934560327 0.03065134099616858 0.02198364008179959
71 0.18318965517241378 0.566717791411043 0.07519157088122605 0.04243353783231084
63 0.18893678160919541 0.5207055214723927 0.06752873563218391 0.037321063394683024
37 0.19923371647509577 0.2939672801635992 0.06800766283524905 0.02965235173824131
82 0.23347701149425287 0.6188650306748467 0.11159003831417624 0.032208588957055216
116 0.20977011494252873 0.8238752556237219 0.06226053639846743 0.0270961145194274
125 0.24473180076628354 0.876278118609407 0.13026819923371646 0.046012269938650305
19 0.21192528735632185 0.18967280163599182 0.0617816091954023 0.03783231083844581
28 0.21982758620689655 0.23747443762781187 0.07088122605363985 0.04243353783231084
54 0.24545019157088122 0.4649795501022495 0.11159003831417624 0.032208588957055216
100 0.2533524904214559 0.718558282208589 0.1082375478927203 0.040388548057259714
91 0.24568965517241378 0.6648773006134969 0.06513409961685823 0.037321063394683024
47 0.2507183908045977 0.3450920245398773 0.05795019157088123 0.03783231083844581
134 0.25981800766283525 0.9279141104294478 0.06848659003831417 0.0408997955010225
11 0.27155172413793105 0.14877300613496933 0.07183908045977011 0.046012269938650305
72 0.2856800766283525 0.5708077709611452 0.085727969348659 0.02607361963190184
109 0.29454022988505746 0.7742978725045583 0.10057471264367816 0.04192229038854805
38 0.28520114942528735 0.2967791411042945 0.06944444444444445 0.025051124744376277
64 0.3299808429118774 0.5178936605316974 0.14559386973180077 0.046012269938650305
117 0.31992337164750956 0.8233640081799591 0.11398467432950192 0.0352760736196319
20 0.3218390804597701 0.2011758691206544 0.11398467432950192 0.03425357873210634
2 0.30699233716475094 0.11017382413087934 0.07662835249042145 0.02607361963190184
29 0.31872605363984674 0.254601226993865 0.09147509578544061 0.03374233128834356
48 0.3364463601532567 0.3430470347648262 0.06369731800766283 0.04703476482617587
83 0.4018344452968554 0.621542270291688 0.19028599459228787 0.044478527607361956
55 0.3577586206896552 0.4647239263803681 0.08045977011494253 0.03169734151329243
101 0.3539272030651341 0.7285276073619632 0.06992337164750957 0.03374233128834356
135 0.38601532567049807 0.9279141104294478 0.11494252873563218 0.041922290388548056
12 0.37907088122605365 0.1549079754601227 0.09339080459770115 0.0408997955010225
39 0.36446360153256707 0.3001022494887526 0.0603448275862069 0.02556237218813906
126 0.3936781609195402 0.8721881390593047 0.1111111111111111 0.03885480572597137
73 0.40876436781609193 0.5685071574642127 0.09530651340996169 0.041922290388548056
110 0.39200191570881227 0.7668711656441718 0.05890804597701149 0.03680981595092025
30 0.41834291187739464 0.2581799591002045 0.07423371647509579 0.028629856850715747
49 0.430316091954023 0.3458588957055215 0.08955938697318008 0.037321063394683024
93 0.45234674329501917 0.6715235173824131 0.12595785440613028 0.029141104294478526
21 0.4614463601532567 0.2062883435582822 0.12404214559386974 0.03834355828220859
102 0.42648467432950193 0.7162576687116564 0.036877394636015325 0.026584867075664622
40 0.4549808429118774 0.3075153374233129 0.08045977011494253 0.0352760736196319
56 0.44803639846743293 0.4629345603271984 0.05699233716475096 0.037321063394683024
118 0.4468390804597701 0.8241308793456033 0.05459770114942529 0.027607361963190184
65 0.48204022988505746 0.5217280163599182 0.11159003831417624 0.0352760736196319
13 0.4813218390804598 0.16513292433537832 0.08237547892720307 0.027607361963190184
103 0.507183908045977 0.7183026584867076 0.08333333333333333 0.02965235173824131
127 0.5186781609195402 0.8698875255623721 0.10057471264367816 0.03834355828220859
57 0.5033524904214559 0.5746421267893661 0.06513409961685823 0.028629856850715747
136 0.5079022988505747 0.9274028629856851 0.07423371647509579 0.0408997955010225
57 0.5217911877394636 0.4680470347648262 0.06369731800766283 0.029141104294478526
119 0.5469348659003831 0.8236196319018405 0.11015325670498084 0.03067484662576687
4 0.5359195402298851 0.12142126789366053 0.06226053639846743 0.033231083844580775
41 0.5522030651340997 0.3006134969325153 0.08141762452107279 0.03680981595092025
84 0.5514846743295019 0.621676891615542 0.07806513409961686 0.027607361963190184
14 0.5677681992337165 0.17024539877300612 0.07231800766283525 0.026584867075664622
94 0.5708812260536399 0.66359918200409 0.07088122605363985 0.024539877300613498
22 0.5720785440613027 0.20782208588957055 0.05507662835249042 0.036298568507157465
75 0.5876436781609196 0.5708077709611452 0.06992337164750957 0.025051124744376277
66 0.6044061302681992 0.5120143149284253 0.10153256704980843 0.0434560327198364
32 0.5878831417624522 0.2574130879345603 0.06273946360153257 0.024028629856850715
137 0.5814176245210728 0.928680981595092 0.039272030651340994 0.0352760736196319
58 0.6046455938697318 0.46037832310838445 0.07040229885057471 0.036298568507157465
51 0.6127873563218391 0.35736196319018404 0.06657088122605365 0.028629856850715747
5 0.6170977011494253 0.12193251533742332 0.07136015325670499 0.0270961145194274
104 0.6254789272030651 0.7180470347648262 0.08524904214559387 0.0270961145194274
112 0.6609195402298851 0.7717280163599182 0.13409961685823754 0.04141104294478527
42 0.6441570881226054 0.3113496932515337 0.07375478927203065 0.034764826175869123
128 0.6520593869731801 0.8729550102249489 0.08764367816091954 0.028118609406952964
23 0.6515804597701149 0.21370143149284254 0.08093869731800767 0.024539877300613498
138 0.6324233716475096 0.931237218813906 0.037835249042145594 0.028118609406952964
15 0.6784003831417624 0.16998977505112475 0.11925287356321838 0.037321063394683024
120 0.6690613026819924 0.8146728016359919 0.0871647509578544 0.04652351738241309
95 0.6690613026819924 0.66359918200409 0.08524904214559387 0.0408997955010225
85 0.6772030651340997 0.6193762781186094 0.10057471264367816 0.029141104294478526
60 0.6611590038314177 0.5723415132924335 0.05316091954022988 0.028118609406952964
33 0.7085727969348659 0.2602249488752556 0.1460727969348659 0.04294478527607362
59 0.7219827586206896 0.46140081799591004 0.1221264367816092 0.04959100204498978
6 0.7210249042145593 0.12423312883435583 0.11063218390804598 0.03169734151329243
52 0.7042624521072797 0.35736196319018404 0.06657088122605365 0.03169734151329243
67 0.7126436781609196 0.5168711656441718 0.07950191570881227 0.02965235173824131
139 0.7181513409961686 0.9304703476482618 0.07136015325670499 0.027607361963190184
105 0.7203065134099617 0.7183026584867076 0.07471264367816093 0.034764826175869123
43 0.7279693486590039 0.3029141104294479 0.07183908045977011 0.04141104294478527
24 0.7344348659003831 0.2144683026584867 0.06082375478927203 0.02607361963190184
77 0.7739463601532567 0.5631390593047034 0.1206896551724138 0.0352760736196319
129 0.7485632183908046 0.8640081799591002 0.06704980842911877 0.03680981595092025
121 0.7590996168582376 0.8172290388548057 0.07854406130268199 0.03425357873210634
96 0.7526340996168582 0.6633435582822086 0.06465517241379311 0.028118609406952964
86 0.7727490421455939 0.6104294478527608 0.06465517241379311 0.03987730061349693
113 0.7724478052635347 0.7717552542115703 0.06417624521072797 0.05158707433582024
16 0.7974137931034483 0.17229038854805726 0.10057471264367816 0.02556237218813906
68 0.8211206896551724 0.5143149284253579 0.1068007662835249 0.03067484662576687
106 0.8467432950191571 0.7142126789366053 0.15134099616858238 0.03067484662576687
25 0.8352490421455939 0.21037832310838445 0.12164750957854406 0.03425357873210634
140 0.8110632183908046 0.9389059304703476 0.06944444444444445 0.04243353783231084
44 0.8110632183908046 0.30495910020449896 0.05890804597701149 0.025051124744376277
60 0.8247126436781609 0.45986707566462165 0.05938697318007663 0.03016359918200409
7 0.8338122605363985 0.12704498977505113 0.07279693486590039 0.032208588957055216
130 0.8397988505747126 0.8698875255623721 0.06752873563218391 0.03016359918200409
122 0.8618295019157088 0.8085378323108384 0.10871647509578544 0.03834355828220859
34 0.8421934865900383 0.25920245398773006 0.06657088122605365 0.022494887525562373
42 0.8496168582375478 0.7681492842535788 0.07375478927203065 0.04141104294478527
78 0.8814655172413793 0.5598159509202454 0.05890804597701149 0.027607361963190184
45 0.9082854406130269 0.3006134969325153 0.11063218390804598 0.046012269938650305
17 0.9101935199047138 0.17093814981381028 0.09942127310548976 0.03332046316350127
141 0.8920019157088123 0.9335378323108384 0.06561302681992337 0.02965235173824131
61 0.9109195402298851 0.4498977505112474 0.08141762452107279 0.028629856850715747
98 0.9212164750957854 0.6556748466257669 0.08093869731800767 0.037321063394683024
131 0.9257662835249042 0.8675869120654397 0.07662835249042145 0.03374233128834356
8 0.9386973180076629 0.125 0.09578544061302682 0.02607361963190184
69 0.930316091954023 0.5086912065439673 0.07710727969348659 0.03067484662576687
35 0.9348659003831418 0.2528118609406953 0.08237547892720307 0.04243353783231084
88 0.9353448275862069 0.608640081799591 0.07567049808429119 0.03936605316973415
26 0.9365421455938697 0.21242331288343558 0.05890804597701149 0.025051124744376277
79 0.9506704980842912 0.5631390593047034 0.07088122605363985 0.032208588957055216
123 0.9619252873563219 0.8047034764826176 0.06369731800766283 0.03987730061349693
0 0.12430940873198414 0.0978038463435341 0.12745346083209652 0.04704238633145422
1 0.22474273586767618 0.10148694917422044 0.0469028735862115 0.042723992835961414
3 0.41847199633246285 0.10811653426945582 0.11623755627887201 0.050090198497334044
27 0.11258369033543125 0.23481527164506552 0.09584500254573657 0.041250751703686916
31 0.5087090466015871 0.2547040269307717 0.07851133187257135 0.039777510571412336
50 0.5275721588047375 0.3534111827931653 0.08564872567916888 0.04861695736505957
53 0.10697573805881899 0.45948454431693153 0.12133569471215588 0.05450992189415769
87 0.8506704657738948 0.6100029031116921 0.08006098333943182 0.047746737059705426
92 0.33486252602660754 0.6723678879306012 0.08360947030585526 0.047143716232784946
97 0.8380487893917246 0.6613185794385423 0.07647207649925794 0.04567047510051053
108 0.180898745341435 0.7718116643591322 0.08157021493254177 0.057456404158706606
111 0.5117679296615576 0.7696018026607203 0.13764973769866423 0.05598316302643227
