0 0.06361074039135664 0.047652207533483044 0.12062189335866517 0.06011509258070169
1 0.17137948117901652 0.042520431337569484 0.06327705881110304 0.05571642726991863
2 0.2524532127807423 0.046185985763222026 0.07316409925033786 0.06011509258070168
3 0.3735694581613691 0.04691909664835254 0.1354524540175174 0.0703786449725288
4 0.48776477523453166 0.043986653107830495 0.0771189154260318 0.0527839837293966
5 0.5747707310997985 0.04471976399296101 0.07316409925033791 0.05131776195913559
6 0.6780903036898025 0.04838531841861356 0.10183651652411893 0.049851540188874575
7 0.767568019664878 0.04178732045243898 0.05536742645971523 0.03665554425652541
8 0.863472311925456 0.04838531841861354 0.12062189335866526 0.0527839837293966
9 0.959376604186034 0.04691909664835254 0.055367426459715 0.04691909664835253
10 0.0527349959081983 0.10703418922905424 0.10678003674373639 0.04398665310783051
11 0.16643596095939908 0.10996663276957626 0.09887040439234851 0.049851540188874575
12 0.27964262898725595 0.10263598103700086 0.09938831315612523 0.03529970854830929
13 0.3819734425347188 0.10776730011418473 0.08700595586526666 0.04252043133756949
14 0.48825912725649345 0.0967706368372271 0.08206243564564925 0.03518932248626439
15 0.5975109241100385 0.09823685860748813 0.13050893379789996 0.03812176602678643
16 0.7255480977981298 0.0967706368372271 0.10776874078765987 0.03812176602678643
17 0.852102215420336 0.0967706368372271 0.11963318931474162 0.03812176602678643
18 0.04878017973250436 0.15908506207332032 0.09491558821665456 0.04545287487809152
19 0.15111104827858507 0.16055128384358133 0.07810761946995533 0.042520431337569484
20 0.26777812546155627 0.1568857294179288 0.14336208636890535 0.0351893224862644
21 0.41262326789634685 0.14882150968149319 0.1206218933586652 0.03079065717548134
22 0.5233581208157773 0.14368973348557965 0.07316409925033779 0.043986653107830495
23 0.6093753726371203 0.14442284437071018 0.08305113968957262 0.042520431337569484
24 0.7037966088318132 0.14515595525584069 0.0682205790307205 0.043986653107830495
25 0.8150258137732053 0.14442284437071018 0.14237338232498192 0.05131776195913559
26 0.9351533551099086 0.1466221770261017 0.07019798711856756 0.04691909664835252
27 0.04976888377642784 0.20820349137706437 0.09491558821665455 0.04105420956730844
28 0.14863928816877633 0.20747038049193386 0.08107373160172578 0.036655544256525424
29 0.26728377343959453 0.20453793695141181 0.1265541176222061 0.0366555442565254
30 0.38691696275433624 0.1928081627893237 0.07909632351387878 0.0366555442565254
31 0.47293421457567947 0.19574060632984575 0.07118669116249096 0.051317761959135594
32 0.5589514663970226 0.19134194101906268 0.06723187498679709 0.03958798779704746
33 0.6746299495333062 0.19060928725266188 0.13841878614375966 0.04093881916663222
34 0.794263028850812 0.19354127367445417 0.06920928307464393 0.0351893224862644
35 0.8956051933529693 0.18987571924880167 0.10579133269981293 0.03079065717548136
36 0.04779147568858087 0.25732192068080845 0.08898336395311365 0.04838531841861354
37 0.15803197658604945 0.25292325537002536 0.07613021138210835 0.042520431337569504
38 0.25344191682466577 0.24705836828898134 0.08305113968957276 0.03958798779704746
39 0.3379761125801237 0.24705836828898134 0.06228835476717957 0.03665554425652546
40 0.44129574016874584 0.244126381867189 0.12062200335590112 0.05139495658599778
41 0.5584572793709144 0.23532905124562287 0.09028806812817931 0.03685192502952179
42 0.6543614066356389 0.24339281386332878 0.08601725182134308 0.04105420956730848
43 0.7468052347424847 0.2397272594376762 0.08502854777741967 0.03372310071600342
44 0.8249128542124402 0.24119348120793724 0.0632770588111031 0.04838531841861358
45 0.9173566823192859 0.23752792678228468 0.09985910843627199 0.0527839837293966
46 0.037410193224620185 0.30790702887354326 0.05075998120715061 0.04941790980843837
47 0.11798946280714834 0.3079065717548135 0.06525446689895002 0.04398665310783052
48 0.20647847473830025 0.30204168467376946 0.08008502755780227 0.0498515401888746
49 0.31029239935026615 0.2932443540522034 0.10974614887550681 0.04691909664835256
50 0.42201595631362004 0.29984235201837794 0.09392688417273105 0.04838531841861358
51 0.5144597844204658 0.2954436867075949 0.07711891542603184 0.042520431337569504
52 0.6093753726371204 0.2895787996265508 0.07514150733818496 0.042520431337569504
53 0.06904861263293581 0.4288698678013474 0.10579133269981289 0.0630475361212237
54 0.21389375506772634 0.4215387589500423 0.1245767095343591 0.048385318418613495
55 0.3285834241628506 0.41860631540952026 0.06525446689894998 0.051317761959135615
56 0.4061966916108442 0.4098089847879542 0.07217539520641439 0.0630475361212237
57 0.49814616769572834 0.41054209567308475 0.08008502755780231 0.06451375789148472
59 0.715661057358895 0.40174476505151857 0.11370096505120081 0.06744620143200676
61 0.8960995453749311 0.3958798779704745 0.07118669116249096 0.06451375789148472
62 0.056195460061930505 0.4904511821523101 0.09590429226057806 0.04838531841861358
63 0.15259410434447027 0.48678562772665757 0.08305113968957271 0.046919096648352476
64 0.31128110339418963 0.4757889644496999 0.163136167247375 0.051317761959135705
65 0.47491173266076225 0.46479275829147204 0.14632841849514747 0.04407616130533688
58 0.5989939801759239 0.40541031947717115 0.08997206799703719 0.06011509258070166
60 0.8130484056853583 0.4039440977069102 0.0632770588111031 0.07184486674278982
66 0.6232172292520491 0.45892741409169824 0.1265541176222062 0.038121766026786436
67 0.7408730654775616 0.4625934256360804 0.07971552455519883 0.04846700026383803
68 0.8614949038376088 0.4559949705511762 0.1364411580614409 0.0351893224862644
69 0.04729717866523708 0.5417694012301751 0.0998592184335079 0.045453740612690544
70 0.1461675280589676 0.5315053917196185 0.0781076194699553 0.03079065717548134
71 0.24306052436346917 0.5278398372939661 0.0800850275578023 0.04691909664835256
72 0.36269371367821085 0.5241742828683135 0.11567837313904769 0.03079065717548134
73 0.4932026474761109 0.5117113978210949 0.07217539520641439 0.04398665310783052
57 0.585152123560995 0.5153769522467474 0.08206243564564931 0.042520431337569414
75 0.6797282425139447 0.5043605541865781 0.07306445604550386 0.049574960096011214
60 0.7650962595550692 0.5095120651657034 0.0781076194699552 0.039587987797047544
77 0.902031769638472 0.5043802889697897 0.1621474632034517 0.04691909664835256
78 0.051251939842313084 0.5923535951854507 0.07613021138210836 0.04398665310783052
79 0.1422127118832737 0.5820900427936236 0.08801616188356509 0.04398665310783051
81 0.3053488791306488 0.5762251557125795 0.04646909006440377 0.04398665310783052
82 0.40174752341318853 0.5732927121720576 0.11864448527081815 0.04691909664835256
83 0.5569740583091757 0.5615629380099695 0.15621523893991063 0.038121766026786436
84 0.6919321603047314 0.5586304944694473 0.09392688417273105 0.04691909664835256
85 0.8491361032885656 0.5586304944694475 0.10974614887550693 0.05278398372939664
86 0.9534443799224931 0.5542318291586643 0.07909632351387884 0.04105420956730856
96 0.9302098348902913 0.6165462543947575 0.09788170034842494 0.04838531841861367
95 0.8298563744320576 0.612880699969105 0.07514150733818474 0.04105420956730856
94 0.7339520821714796 0.609948256428583 0.08107373160172555 0.04985154018887452
93 0.6078923165712351 0.611414478198844 0.12754282166612962 0.052783983729396564
92 0.48875347927845514 0.617279365279888 0.0929381801288076 0.032256878945742445
91 0.40323057947907376 0.6194786979352795 0.060310946679332574 0.039587987797047544
90 0.3241342559651949 0.6290091394419762 0.06822057903072044 0.04398665310783052
43 0.24355487638543089 0.6282760285568456 0.08700595586526669 0.042520431337569504
88 0.14765063912347084 0.6275433747904451 0.0737419191721665 0.04611490503869861
87 0.05224064388623655 0.6370733591784118 0.06228835476717954 0.036655544256525424
80 0.22773561168265513 0.5828231536787541 0.07118669116249089 0.04252043133756959
97 0.0631163883693949 0.6817931231713728 0.09590429226057806 0.04398665310783044
98 0.1783004094864809 0.6781275687457202 0.10678003674373637 0.04545287487809146
99 0.3231455519212714 0.6795937905159812 0.14336208636890538 0.051317761959135615
100 0.4778777347952968 0.6700633490092845 0.11666707718297116 0.04985154018887452
101 0.5920730518684594 0.6656646836985015 0.0860172518213433 0.041054209567308396
102 0.6647427990968356 0.6619991292728491 0.04350297793263336 0.042520431337569414
103 0.746310882720523 0.664931572813371 0.08601725182134308 0.05425020549965766
104 0.8634723119254559 0.6641984619282406 0.09887040439234847 0.038121766026786436
105 0.06509379645724186 0.7345771069007694 0.09590429226057803 0.03812176602678636
106 0.20796153080418545 0.7360433286710303 0.1700570955548394 0.052783983729396564
107 0.3439083368436647 0.729445330704856 0.07810761946995531 0.04252043133756959
108 0.46255282211448284 0.7184486674278983 0.08997206799703712 0.03518932248626448
109 0.5762537871656835 0.7184486674278981 0.11172355696335386 0.041054209567308396
110 0.6850112869958848 0.7155166810061057 0.0819125193616841 0.05309509570171773
111 0.8016783091802383 0.7184486674278981 0.1413846782810584 0.041054209567308396
112 0.10563071725672261 0.7844291042083738 0.16810896707887749 0.03519210179670026
113 0.24306052436346917 0.7866279797450355 0.07810761946995534 0.03958798779704746
42 0.33006659022597135 0.7807633212233561 0.09791946430228247 0.04252088845629914
115 0.47787773479529677 0.7609690987654675 0.17598931981838037 0.05286002414435601
116 0.6088810206151586 0.7639015423059898 0.07019798711856756 0.04105420956730848
117 0.7265368018420534 0.7675670967316423 0.13940727019321136 0.042520431337569504
118 0.8822576887600022 0.7683002076167728 0.09096077204096059 0.04691909664835256
119 0.08585658137963505 0.8364795199339101 0.13347504592967047 0.051317761959135615
121 0.3350100004483533 0.8320808546231271 0.08997206799703712 0.045452874878091375
122 0.45068837358740105 0.8152193042651253 0.11370096505120074 0.038121766026786526
123 0.5668610987484105 0.8137530824948642 0.08502854777741967 0.04398665310783044
119 0.675124191558032 0.8188848586907779 0.10776874078765987 0.042520431337569504
125 0.846170046155413 0.8049562089920277 0.18291035812308049 0.04691416050526435
120 0.22229773944107598 0.8364795199339101 0.09985910843627199 0.0542502054996575
126 0.08585658137963505 0.8907297254335675 0.11963318931474169 0.04545287487809154
127 0.2143881070896881 0.8877972818930456 0.10579133269981289 0.04252043133756933
135 0.1036532541702578 0.9449799309332254 0.1334750459296705 0.04838531841861358
136 0.22921866774854036 0.9442468200480949 0.097881700348425 0.04691909664835264
128 0.34341398482170293 0.8819323948120015 0.09689299630450153 0.04545287487809154
129 0.43931827708228083 0.8687363988796525 0.07711891542603184 0.0542502054996575
130 0.527807289013433 0.870935731535044 0.06822057903072044 0.04985154018887452
131 0.62914945351559 0.8694695097647828 0.09293818012880754 0.04398665310783044
132 0.7270311538640151 0.8716688424201744 0.07514150733818474 0.04838531841861358
133 0.8283733183661722 0.8680032879945219 0.09392688417273105 0.06158131435096268
134 0.9257606666926356 0.869469509764783 0.06723187498679697 0.05571642726991877
141 0.6335986217132457 0.9354494894265288 0.08206243564564919 0.06158131435096285
140 0.5431322016942468 0.9369157111967897 0.07316409925033791 0.06158131435096285
139 0.45563189380701835 0.9339832676562677 0.07810761946995531 0.05864887081044064
138 0.37505251422725444 0.9266521588049625 0.04548038602048035 0.03518932248626448
137 0.3102923993502662 0.9303177132306153 0.048446498152250765 0.04252043133756967
