96 0.05570362473347548 0.7075242718446604 0.09115138592750532 0.039376115831634896
15 0.0818230277185501 0.12439320388349515 0.14125799573560768 0.03334406523083664
27 0.0708955223880597 0.20894012944983822 0.11940298507462688 0.041830660630833495
111 0.07889125799573561 0.7930825242718449 0.13539445628997868 0.0377881200037879
8 0.0826226012793177 0.08131067961165049 0.14072494669509594 0.03617907147990764
0 0.08022388059701492 0.032766990291262135 0.13272921108742006 0.047097732082105166
21 0.08848614072494669 0.1652508090614887 0.14285714285714285 0.05779376945242784
41 0.062332584571211824 0.308252427184466 0.09221748400852879 0.045640959740330535
104 0.06396588486140725 0.747775080906149 0.09275053304904052 0.035536610763349005
88 0.061567164179104496 0.6675483913934958 0.08688699360341154 0.0382015463530846
59 0.07622601279317698 0.5056634304207119 0.11513859275053305 0.03802588996763754
82 0.09488272921108744 0.6280339805825244 0.15245202558635398 0.0337403249581387
34 0.06236673773987208 0.2625404530744337 0.08422174840085288 0.035376471386488174
132 0.07036247334754797 0.9283980582524274 0.09808102345415778 0.03600960954695367
73 0.061567164179104475 0.580906148867314 0.07942430703624734 0.03964401294498382
118 0.05223880597014925 0.838794498381877 0.057569296375266525 0.021440129449838186
49 0.09115138592750532 0.3547734627831715 0.13219616204690832 0.045135786218134404
125 0.12766524520255865 0.8812702265372169 0.20415778251599148 0.046521035598705504
66 0.10287846481876334 0.5428802588996764 0.14605543710021324 0.026071796321162067
53 0.1119402985074627 0.4627831715210356 0.1588486140724947 0.045562399196302
140 0.08582089552238806 0.9739077669902912 0.09808102345415778 0.034923083928317285
119 0.18443496801705758 0.838592233009709 0.1417910447761194 0.03476103000202301
43 0.16844349680170576 0.6640372168284789 0.08742004264392324 0.0395505846068969
35 0.1769194701466961 0.2582928802588997 0.10021321961620469 0.037621359223300975
57 0.17587203020020967 0.5871106534807417 0.08901918976545842 0.03183917355442703
42 0.18566480660059131 0.3129804518697273 0.10639250710699628 0.046955402732964786
97 0.1878997867803838 0.7059061488673138 0.10501066098081023 0.0393125842659822
133 0.19669509594882728 0.9253640776699029 0.09594882729211088 0.041666666666666664
60 0.19536247334754797 0.5036407766990292 0.08049040511727079 0.03989586377006989
105 0.18101267983307323 0.7493932038834951 0.1099399372244517 0.03229460950368531
28 0.2046908315565032 0.21338996763754045 0.09594882729211089 0.0470658831629627
141 0.22068230277185502 0.9733009708737864 0.1044776119402985 0.024271844660194174
1 0.20362473347547974 0.03337378640776699 0.0628997867803838 0.02872168284789644
9 0.21508528784648187 0.0821197411003236 0.0847547974413646 0.04172079182995215
16 0.26279317697228144 0.12277508090614887 0.13752665245202558 0.045343508735434246
83 0.29371002132196167 0.6258090614886731 0.19402985074626866 0.038476002526842384
22 0.25399786780383793 0.16666666666666669 0.09115138592750532 0.04503334605205078
112 0.25799224605561283 0.7953770724103171 0.15665180250321847 0.04022107089060165
67 0.2601279317697228 0.5412621359223302 0.08528784648187634 0.029326462615558234
90 0.2702558635394457 0.6703074433656958 0.09275053304904052 0.034977413639512525
126 0.3159168314544399 0.8819138442321711 0.15298507462686567 0.0364847707282705
61 0.2894456289978678 0.5008090614886731 0.07569296375266525 0.03134156178760507
50 0.2512905425092488 0.3597536482386047 0.13964597983319413 0.052421182779908065
106 0.337953091684435 0.7459546925566344 0.16631130063965885 0.035732290309046094
2 0.30303837953091683 0.040250809061488674 0.09434968017057571 0.032182119615337186
43 0.30833752827589705 0.31027508090614886 0.10500304359918641 0.03721682847896441
75 0.3025053304904051 0.5853559870550162 0.08049040511727079 0.025080906148867314
36 0.31902985074626866 0.26213592233009714 0.11034115138592751 0.04502928871123922
98 0.3216950959488273 0.7050970873786409 0.09434968017057571 0.037459051727348994
134 0.32116204690831557 0.9253640776699029 0.08795309168443496 0.04705499800706471
29 0.35980810234541577 0.22127831715210355 0.15245202558635398 0.03625478330347519
120 0.3427505330490405 0.8454692556634305 0.1140724946695096 0.038834951456310676
10 0.3440831556503198 0.08151294498381877 0.09968017057569296 0.035633904065687755
54 0.371698921739184 0.452073305997718 0.1713364341168359 0.047609722722451196
68 0.40770685980159505 0.5436235984645604 0.15695957139968292 0.03823115327174201
23 0.39312366737739873 0.17192556634304212 0.12100213219616206 0.04107882112276084
91 0.3829957356076759 0.6648462783171522 0.07942430703624735 0.03640780927022738
62 0.4035181236673774 0.5030339805825244 0.11727078891257996 0.0388565981077324
51 0.39712153518123666 0.35962783171521046 0.10021321961620469 0.0397222969932961
17 0.4248400852878465 0.12843851132686088 0.1396588486140725 0.04270928822150702
113 0.3989872068230278 0.8036003236245955 0.07729211087420043 0.04056900376091945
44 0.412046908315565 0.316747572815534 0.08208955223880599 0.030678438040319358
60 0.40618336886993606 0.5879854368932039 0.06823027718550106 0.03255756560236362
3 0.45122601279317703 0.031957928802589 0.15618336886993603 0.04593165154518306
99 0.47601279317697226 0.7129854368932039 0.16417910447761197 0.03214308337675084
37 0.4469616204690832 0.2595064724919094 0.09434968017057571 0.040946521851359656
135 0.4773109380978268 0.9368932038834957 0.14845343322105212 0.04213294799522086
11 0.4836144125263666 0.08022972370618786 0.15279088591028972 0.04845419131024927
84 0.47041577825159914 0.6278317152103561 0.09541577825159915 0.02817391603262302
127 0.47681236673773986 0.8930016181229773 0.10820895522388059 0.036003236245954695
121 0.4806598956971199 0.8505967114922276 0.11194029850746269 0.0402338048843993
92 0.4874733475479745 0.6743527508090615 0.07729211087420043 0.038672073530401294
30 0.4968017057569296 0.21136731391585764 0.09381663113006397 0.03201575826004007
42 0.4986265915954106 0.7991736951184338 0.0939440376892297 0.04466668957187501
107 0.5157249466950959 0.7463592233009708 0.08795309168443496 0.03880784264903823
63 0.5162579957356077 0.5038430420711975 0.0826226012793177 0.04242419144802376
52 0.5199893390191899 0.3616504854368932 0.08795309168443496 0.04188636056282494
55 0.5277185501066098 0.4484223300970874 0.0906183368869936 0.05274921794016266
24 0.5330490405117272 0.17111650485436897 0.09808102345415778 0.039496369251174265
45 0.5602345415778252 0.31209546925566345 0.14498933901918976 0.05770045363412738
69 0.5466417910447762 0.5460144550857691 0.08049040511727079 0.04127018694085851
18 0.591684434968017 0.12944983818770225 0.11087420042643924 0.03486172849253748
85 0.5971378118779587 0.6285093328514508 0.12108835898705823 0.033305671177321056
38 0.5967484008528785 0.25991100323624594 0.10927505330490406 0.028400742573869587
4 0.6012793176972282 0.03640776699029126 0.10021321961620469 0.034077402063670874
93 0.6268656716417911 0.6761731391585761 0.1513859275053305 0.03479190361720923
128 0.6151385927505331 0.8978559870550162 0.10660980810234542 0.03618062117494318
31 0.6178038379530917 0.21581715210355987 0.10341151385927505 0.041688475482698814
12 0.5667320274964973 0.07404985207061787 0.12946775614276146 0.047562420059063505
122 0.6492537313432836 0.8495145631067961 0.1439232409381663 0.04611650485436893
100 0.6417910447761194 0.7166262135922331 0.12473347547974413 0.03305788330732903
136 0.6372601279317699 0.9415453074433658 0.09861407249466951 0.0329183321286914
56 0.634594882729211 0.44599514563106796 0.09008528784648188 0.048265277412228975
108 0.6369936034115139 0.7493932038834952 0.07782515991471216 0.023058252427184466
115 0.7001599147121536 0.8027912621359224 0.17857142857142863 0.04283913350660281
70 0.6508528784648188 0.5463187702265373 0.07462686567164181 0.03285383379656576
25 0.7118869936034116 0.16556774770681798 0.19349680170575698 0.04187059201478778
78 0.6577825159914713 0.5906148867313916 0.0767590618336887 0.029968910707897596
5 0.7073560767590619 0.03309507218682473 0.08528784648187636 0.03764479930862765
64 0.6724487144580994 0.49769915978075846 0.19239826012650807 0.050567240346696615
46 0.7185501066098081 0.3116909385113269 0.0884861407249467 0.046586340135796385
19 0.7142857142857143 0.12297734627831715 0.07782515991471217 0.045105779011184614
39 0.7260127931769723 0.2588996763754045 0.07782515991471217 0.03308801262864657
129 0.7390724946695096 0.8966423948220065 0.08582089552238806 0.04014026769741073
32 0.7433368869936036 0.209546925566343 0.08368869936034116 0.039431090736081496
57 0.7460021321961622 0.45368122977346276 0.08901918976545842 0.0350174023667916
13 0.761118604416669 0.07655469211814872 0.1265660072447777 0.03721722113841791
79 0.744402985074627 0.5887944983818771 0.07302771855010662 0.031951860679294085
71 0.7723880597014925 0.5509708737864076 0.10767590618336886 0.03673604043113335
137 0.7518656716417912 0.9421521035598706 0.0570362473347548 0.04493561955719043
101 0.7758528784648188 0.718042071197411 0.09968017057569296 0.04079545620433995
94 0.7762697418295329 0.6732048804998411 0.09381663113006397 0.0342612532823318
109 0.757885108357719 0.7570774538608586 0.13513078080988136 0.04585169120717778
123 0.8128997867803839 0.8501213592233011 0.10341151385927505 0.04551201451869716
6 0.8270255863539445 0.036003236245954695 0.11673773987206823 0.04158457843789875
20 0.8528784648187633 0.11792071197411003 0.16098081023454158 0.050392052407309706
65 0.8512793176972283 0.49676375404530754 0.1535181236673774 0.03933772332372737
47 0.8374200426439233 0.31371359223300976 0.1044776119402985 0.04014378351089819
130 0.8269450098686718 0.9002606037611915 0.07942430703624737 0.03616258890008732
80 0.8400852878464818 0.586569579288026 0.09701492537313433 0.02923932292957102
86 0.8318230277185502 0.6217637540453076 0.0708955223880597 0.0403574931053472
40 0.8710021321961621 0.2617313915857606 0.14712153518123666 0.043894709004573124
33 0.8877931769722814 0.2032766990291262 0.1668443496801706 0.04649152348026026
116 0.8331556503198295 0.8042071197411004 0.05543710021321962 0.03383745976301016
138 0.8304904051172709 0.949433656957929 0.047974413646055446 0.031942722107255406
58 0.8651385927505332 0.4506472491909386 0.10660980810234542 0.04110335874625264
95 0.877132196162047 0.6690938511326862 0.09008528784648188 0.0426415838636412
26 0.8742004264392325 0.16302588996763753 0.08315565031982942 0.02771187538328348
110 0.8762164369254816 0.7567455788061431 0.0666311300639659 0.050192830635664945
72 0.8987206823027718 0.5457119741100325 0.11194029850746269 0.04200988261990363
102 0.8816631130063965 0.705906148867314 0.05863539445628998 0.033480834032694466
14 0.8981876332622603 0.08353559870550162 0.0906183368869936 0.03376529761124245
117 0.93363539445629 0.8084546925566343 0.11353944562899787 0.04326051235834006
139 0.9245735607675906 0.9520743906760388 0.08795309168443496 0.036246305070790956
119 0.9426972281449896 0.8626618122977346 0.12988720198302112 0.03476503102837901
131 0.9331023454157783 0.9061488673139159 0.09328358208955226 0.04194901943143025
87 0.920042643923241 0.6274271844660195 0.05543710021321962 0.03331587817983857
48 0.9418976545842217 0.3102750809061489 0.09168443496801708 0.054350079017371274
81 0.923027224949253 0.5870467732705187 0.04104477611940299 0.026463325528683246
7 0.9429637526652452 0.03741909385113269 0.08102345415778252 0.03611991160988167
103 0.9501599147121537 0.7178398058252426 0.07409381663113006 0.049115991182112094
77 0.5369197260594532 0.5897335673806366 0.14072087896029792 0.03909110282880263
