0 0.05722003929273085 0.032927852348993286 0.1144400785854617 0.03901006711409396
28 0.04420432220039293 0.1988255033557047 0.08840864440078586 0.03607382550335571
38 0.055992141453831044 0.26300335570469796 0.10510805500982318 0.02181208053691275
19 0.03511787819253438 0.1394714765100671 0.061394891944990176 0.04320469798657718
10 0.058202357563850685 0.09186241610738255 0.1055992141453831 0.02348993288590604
53 0.06949901768172888 0.43330536912751677 0.11640471512770137 0.027684563758389263
48 0.05967583497053045 0.32466442953020136 0.093811394891945 0.050335570469798654
63 0.05795677799607073 0.48930369127516776 0.08840864440078586 0.03229865771812081
71 0.06360510805500982 0.5392197986577181 0.08791748526522593 0.044043624161073824
115 0.11198428290766209 0.8389261744966443 0.17681728880157171 0.041107382550335574
80 0.07539292730844793 0.6044463087248322 0.09774066797642436 0.02936241610738255
43 0.07244597249508841 0.6554110738255033 0.09184675834970531 0.040687919463087245
98 0.08840864440078586 0.71875 0.10903732809430255 0.03649328859060403
123 0.07907662082514735 0.9077181208053692 0.08546168958742632 0.0436241610738255
107 0.08030451866404716 0.7841862416107382 0.08398821218074656 0.030620805369127518
132 0.0825147347740668 0.9767197986577181 0.08349705304518663 0.031459731543624164
20 0.14169941060903732 0.14597315436241612 0.13506876227897838 0.04865771812080537
29 0.15520628683693516 0.20826342281879195 0.11984282907662082 0.031459731543624164
49 0.17141453831041256 0.31669463087248323 0.11394891944990176 0.047818791946308725
1 0.15397838899803537 0.026006711409395974 0.06434184675834971 0.037751677852348994
11 0.1662042975556895 0.08380028426815334 0.09626719056974459 0.0516570920694511
39 0.15643418467583498 0.2671979865771812 0.06434184675834971 0.027684563758389263
72 0.18835952848722987 0.5421560402684564 0.12819253438113948 0.04830701127100848
64 0.20898821218074656 0.4786073825503356 0.16650294695481335 0.0436241610738255
81 0.14636542239685657 0.5985738255033557 0.03732809430255403 0.020134228187919462
90 0.16846758349705304 0.6600251677852349 0.07072691552062868 0.028104026845637585
119 0.2043222003929273 0.9144295302013423 0.14047151277013753 0.03104026845637584
133 0.17927308447937132 0.9653942953020134 0.0893909626719057 0.047399328859060404
108 0.17730844793713163 0.7808305369127517 0.08349705304518663 0.028942953020134228
54 0.20653241650294696 0.43288590604026844 0.13212180746561886 0.03104026845637584
99 0.23551080550098233 0.7202181208053692 0.14489194499017682 0.034395973154362415
2 0.2318271119842829 0.03733221476510067 0.07760314341846758 0.026006711409395974
40 0.2642436149312377 0.2665687919463087 0.12180746561886051 0.030620805369127518
116 0.24852652259332023 0.84375 0.07465618860510806 0.023909395973154363
21 0.2767681728880157 0.13863255033557048 0.12328094302554027 0.038171140939597316
91 0.25638506876227896 0.6470218120805369 0.07662082514734773 0.041526845637583895
31 0.2637524557956778 0.20239093959731544 0.08447937131630648 0.02307046979865772
12 0.27283889980353637 0.08787751677852348 0.0869351669941061 0.04568127616763099
50 0.28413555992141454 0.3187919463087248 0.10265225933202357 0.04194630872483222
134 0.2784872298624754 0.9658137583892618 0.07858546168958742 0.044043624161073824
109 0.2919941060903733 0.7686661073825504 0.10461689587426326 0.051593959731543626
82 0.24099576677557374 0.5969714893356466 0.12334559457727325 0.049720612122454766
73 0.3104125736738703 0.5291526845637584 0.07367387033398821 0.04991610738255033
3 0.33963654223968565 0.03208892617449664 0.13113948919449903 0.03481543624161074
55 0.31777996070726916 0.4349832214765101 0.07269155206286837 0.03104026845637584
125 0.36394891944990176 0.9005872483221476 0.15520628683693516 0.047818791946308725
117 0.35977406679764246 0.8393456375838926 0.13212180746561886 0.024328859060402684
92 0.3443025540275049 0.6516359060402684 0.0962671905697446 0.02726510067114094
31 0.35412573673870335 0.20658557046979867 0.0756385068762279 0.028942953020134228
83 0.40520628683693516 0.5880872483221476 0.16895874263261296 0.04194630872483222
100 0.3855599214145383 0.7132969798657718 0.12671905697445973 0.030620805369127518
13 0.36738703339882123 0.09186241610738258 0.08546168958742631 0.04201864098281851
135 0.3850687622789784 0.9616191275167785 0.11493123772102161 0.047399328859060404
41 0.39047151277013753 0.2548238255033557 0.10510805500982318 0.04236577181208054
23 0.38531434184675833 0.14072986577181207 0.07416502946954813 0.04236577181208054
110 0.3855599214145383 0.7663590604026845 0.06483300589390963 0.0436241610738255
65 0.3657233372596715 0.4778636824397343 0.12525410345285606 0.044149816743444995
57 0.3948919449901768 0.5388003355704698 0.07367387033398821 0.04775933136206217
56 0.39955795677799605 0.42156040268456374 0.07318271119842829 0.04614093959731544
32 0.43222003929273084 0.2074244966442953 0.0550098231827112 0.031459731543624164
93 0.4629174852652259 0.6499580536912751 0.11640471512770137 0.031459731543624164
4 0.44204322200392926 0.03649328859060403 0.068762278978389 0.026845637583892617
52 0.4494106090373281 0.3213087248322148 0.06286836935166994 0.030201342281879196
14 0.45972495088408644 0.08745805369127518 0.07662082514734773 0.03990779457179045
24 0.47593320235756387 0.15121644295302014 0.08742632612966601 0.02726510067114094
111 0.506139489194499 0.7718120805369127 0.13506876227897838 0.03104026845637584
57 0.48403732809430255 0.43435402684563756 0.08005893909626718 0.031459731543624164
75 0.4944963497142516 0.53376677852349 0.09479371316306483 0.03268546136080561
126 0.5002455795677799 0.8980704697986577 0.10854616895874264 0.04530201342281879
66 0.5090864440078585 0.48228732427167537 0.12426326129666011 0.05038061748271118
42 0.49263261296660116 0.26447147651006714 0.08153241650294696 0.02726510067114094
118 0.47912573673870335 0.8401845637583892 0.05255402750491159 0.02936241610738255
136 0.4995088408644401 0.958263422818792 0.09233791748526522 0.04488255033557047
101 0.5108055009823183 0.7078439597315436 0.08546168958742632 0.028942953020134228
33 0.5429764243614931 0.20218120805369127 0.14096267190569745 0.0436241610738255
5 0.5279960707269156 0.031459731543624164 0.08447937131630648 0.02181208053691275
84 0.5361001964636543 0.5903942953020134 0.07416502946954813 0.033976510067114093
15 0.5729371316306483 0.08515100671140939 0.13212180746561886 0.03523489932885906
119 0.5785854616895875 0.8366191275167785 0.12671905697445973 0.03229865771812081
24 0.5663064833005894 0.1518456375838926 0.07465618860510806 0.025167785234899327
58 0.581532416502947 0.42072147651006714 0.09921414538310412 0.04614093959731544
94 0.5763752455795678 0.6470218120805369 0.08595284872298625 0.025587248322147652
43 0.5881630648330058 0.25419463087248323 0.09479371316306483 0.040268456375838924
60 0.5788310412573674 0.5316694630872483 0.061394891944990176 0.030620805369127518
102 0.5761296660117878 0.6958892617449665 0.04420432220039293 0.03104026845637584
137 0.593320235756385 0.9536493288590604 0.07269155206286837 0.04656040268456376
127 0.6065815324165029 0.8970218120805369 0.0825147347740668 0.04320469798657718
6 0.6277013752455796 0.03271812080536913 0.10216110019646366 0.02936241610738255
67 0.6407170923379175 0.47567114093959734 0.10854616895874264 0.031993799229643
112 0.6645383104125737 0.7690855704697986 0.1512770137524558 0.040687919463087245
85 0.6514216935256467 0.5895553691275169 0.10510805500982316 0.053551956505688336
103 0.6512770137524558 0.7013422818791947 0.09724950884086445 0.034395973154362415
25 0.6886051080550099 0.14639261744966442 0.1512770137524558 0.03859060402684564
34 0.6569253438113949 0.20616610738255034 0.07416502946954813 0.024748322147651006
77 0.6898330058939096 0.5216023489932886 0.13801571709233793 0.040687919463087245
59 0.6832023575638507 0.4238674496644295 0.09528487229862476 0.05243288590604027
95 0.6785363457760314 0.6401006711409396 0.08398821218074656 0.04614093959731544
16 0.6981827111984283 0.07990771812080537 0.10363457760314342 0.028104026845637585
138 0.6770628683693517 0.9637164429530202 0.06041257367387033 0.02307046979865772
44 0.6795186640471512 0.2648909395973154 0.06434184675834971 0.02726510067114094
120 0.712180746561886 0.826761744966443 0.11493123772102161 0.037751677852348994
128 0.712671905697446 0.9003775167785235 0.08644400785854617 0.03313758389261745
7 0.7298624754420432 0.028942953020134228 0.0825147347740668 0.024328859060402684
35 0.7453339882121808 0.1998741610738255 0.09086444007858546 0.03565436241610738
104 0.7544204322200393 0.699244966442953 0.09724950884086445 0.027684563758389263
68 0.7637524557956779 0.47378355704697994 0.10609037328094302 0.0357959978471975
86 0.7637524557956779 0.5801174496644296 0.09823182711198428 0.046980099508826194
139 0.7652259332023575 0.9651845637583892 0.09921414538310412 0.03607382550335571
45 0.7784872298624754 0.2571308724832215 0.10707269155206287 0.0436241610738255
96 0.7784872298624754 0.6421979865771812 0.0962671905697446 0.03104026845637584
60 0.7775049115913556 0.4265939597315436 0.06974459724950884 0.03104026845637584
113 0.7856090373280943 0.7627936241610739 0.08104125736738703 0.033976510067114093
129 0.8023027823729286 0.8868131724438887 0.08007321946638067 0.06429085549939918
17 0.8280943025540275 0.07739093959731544 0.13163064833005894 0.02726510067114094
78 0.8150785854616895 0.5249580536912751 0.08497053045186641 0.02978187919463087
26 0.8167976424361493 0.15121644295302014 0.08349705304518663 0.024748322147651006
8 0.8420923379174853 0.02957214765100671 0.12721021611001965 0.028942953020134228
121 0.8293222003929273 0.8225671140939598 0.09184675834970531 0.03355704697986577
36 0.8416011787819253 0.19756711409395974 0.08202357563850687 0.037751677852348994
105 0.8519155206286837 0.696518456375839 0.08202357563850687 0.03229865771812081
61 0.8533889980353635 0.41925335570469796 0.07809430255402751 0.025587248322147652
69 0.8622298624754421 0.47273489932885915 0.07809430255402751 0.03790043026102968
87 0.8455304518664047 0.5748741610738255 0.04469548133595285 0.04907718120805369
140 0.8769646365422397 0.9609899328859061 0.10658153241650295 0.03523489932885906
42 0.8731258928218247 0.7572650878455619 0.08741335483798976 0.06289521412721015
97 0.8860510805500982 0.6256291946308725 0.10412573673870335 0.05075503355704698
46 0.8791748526522594 0.25838926174496646 0.068762278978389 0.041107382550335574
79 0.9157662082514735 0.5165687919463087 0.0987229862475442 0.02978187919463087
27 0.918958742632613 0.14072986577181207 0.10412573673870335 0.040687919463087245
88 0.9177308447937131 0.5652265100671141 0.08398821218074656 0.04320469798657718
122 0.9388506876227898 0.8101929530201343 0.11149312377210216 0.04656040268456376
37 0.9332023575638507 0.20511744966442952 0.08153241650294696 0.02936241610738255
62 0.9400785854616895 0.41421979865771813 0.09135559921414538 0.02978187919463087
18 0.9410609037328095 0.07906879194630874 0.08447937131630648 0.048981234431925556
70 0.9354125736738703 0.4656040268456375 0.06335952848722987 0.03795815989143435
106 0.9530943025540275 0.6879194630872483 0.093811394891945 0.03859060402684564
9 0.9457269155206287 0.028733221476510067 0.06434184675834971 0.024748322147651006
47 0.950147347740668 0.26531040268456374 0.06532416502946954 0.03313758389261745
131 0.9553045186640472 0.8884228187919463 0.06777996070726916 0.03355704697986577
141 0.9670923379174853 0.9576342281879194 0.06581532416502947 0.03607382550335571
51 0.38003868443147937 0.3225286750946807 0.07660998865329383 0.049601374310883954
130 0.8817227528782606 0.8862807064951569 0.05818370036218804 0.07031980361128645
