136 0.07941458733205374 0.9315548780487805 0.08589251439539347 0.032621951219512196
49 0.10351957311038415 0.3843259548715665 0.12234011679995618 0.03836322998734834
128 0.09114448157294142 0.8876168565375908 0.0892514395393474 0.02943630359143822
61 0.08205374280230326 0.5166158536585366 0.0671785028790787 0.01676829268292683
104 0.09692898272552783 0.7527439024390243 0.09596928982725528 0.02528064029931247
78 0.08764609273211488 0.6146341463414637 0.0812760376189851 0.03158071956288146
53 0.10508637236084452 0.4746951219512195 0.1074856046065259 0.030968321489273417
96 0.10124760076775433 0.707469512195122 0.09884836852207293 0.04146580259836989
0 0.11508899325576047 0.09967147675978935 0.12092130518234162 0.051116370980452665
16 0.10970474894898592 0.19163665500487756 0.11476751014159538 0.03663387928566459
31 0.08901151631477927 0.28292682926829266 0.06861804222648753 0.023170731707317073
8 0.12428114025834268 0.14305754456869282 0.12275662934957723 0.03232562587308379
86 0.08877159309021113 0.6521341463414634 0.06525911708253358 0.04637022759576609
120 0.07115748136094935 0.8387041478627046 0.07029143139607548 0.036993938943800216
40 0.10997506489459297 0.3330792682926831 0.13786303593774674 0.045471633801427117
69 0.08686099525883337 0.5702743902439028 0.0660588998766363 0.033898918216419
112 0.134055027392786 0.7955994864470654 0.17369843559148543 0.040241184661442234
121 0.16866602687140111 0.8458841463414636 0.08973128598848369 0.03699370891714887
62 0.16818618042226488 0.5172256097560975 0.08493282149712092 0.022865853658536585
23 0.10905932666873062 0.23773982795534856 0.12627032133429084 0.04191009447158369
137 0.16348703425223343 0.926374196667806 0.055662188099808045 0.03465744552455534
70 0.17418426103646834 0.5676829268292682 0.07389635316698655 0.03379116638872457
87 0.16170715486327922 0.6566328049609764 0.0427063339731286 0.041836947271137306
79 0.1773032629558541 0.6160060975609757 0.07245681381957772 0.028690969315406507
105 0.20470719808252402 0.7515700818078933 0.09644913627639155 0.023170731707317076
32 0.1890595009596929 0.2867378048780488 0.06238003838771593 0.020426829268292684
129 0.20633397312859889 0.8882621951219514 0.07965451055662187 0.03124277602802199
97 0.20729366602687144 0.7065548780487806 0.07581573896353165 0.039764424353829916
54 0.24640115163147794 0.4696646341463415 0.1300383877159309 0.03575423491347576
1 0.21713051823416507 0.10457317073170731 0.05422264875239923 0.026829268292682926
17 0.25639612182907373 0.18993902439024396 0.12715930902111325 0.03297464633628949
50 0.2335656988875201 0.38734756097560996 0.09088893140483716 0.03825065445260698
24 0.2258032828503078 0.24152167392145202 0.0749159734226074 0.02202344169545928
88 0.2335249057477725 0.657317073170732 0.07533589251439536 0.04301279949159921
41 0.23584452975047984 0.32865853658536587 0.07245681381957773 0.025609756097560974
138 0.22288867562380038 0.9297256097560974 0.0446257197696737 0.024612724712051053
9 0.23992322456813822 0.1475609756097561 0.07389635316698655 0.033440712881856384
80 0.2619961612284069 0.6163109756097561 0.08157389635316699 0.03175461295121304
122 0.2869481765834933 0.8388719512195122 0.12284069097888675 0.029573170731707316
63 0.2715262558951883 0.5191972079959797 0.10070860380649779 0.043014767908491514
71 0.2802303262955854 0.5647865853658537 0.07005758157389635 0.03959469051937348
113 0.27519193857965446 0.7964939024390244 0.05998080614203454 0.037583430831421065
33 0.3162619119398475 0.28956692174053844 0.13430797316602455 0.04109557978425524
2 0.30830134357005756 0.10929878048780488 0.10220729366602688 0.02103658536585366
130 0.3231765834932821 0.8916158536585367 0.08973128598848369 0.029307678074976456
139 0.32269673704414586 0.9317073170731708 0.08781190019193857 0.023170731707317073
98 0.32485604606525914 0.704268292682927 0.08829174664107485 0.03727307481577755
106 0.3511116113764811 0.7535060975609758 0.13930238317990082 0.05204032043260447
43 0.32821497120921306 0.663109756097561 0.0710172744721689 0.03475609756097561
51 0.33644573341736606 0.3836890243902441 0.08255537117953693 0.03286750259459783
10 0.35076775431861806 0.1492378048780488 0.1017274472168906 0.040041854376239874
42 0.3376943281672252 0.3347459884837846 0.08977758005669713 0.03174433311134886
72 0.3970729366602687 0.5702557830007304 0.10508637236084452 0.035699406703603886
42 0.35558806833027445 0.7999373551896808 0.07974376609767714 0.039838317470054084
64 0.426586322640158 0.5152693758486332 0.15786948176583487 0.042520611387805864
18 0.40491892346498826 0.19362669061926266 0.10710642162668724 0.03546622028288709
3 0.43690019193857965 0.1100609756097561 0.12907869481765835 0.02621951219512195
82 0.44193857965451055 0.6185975609756099 0.1276391554702495 0.0344099692870799
123 0.4344158589716945 0.8425425958780495 0.09596928982725528 0.04620368677953082
90 0.40954894433781186 0.6621951219512195 0.05230326295585412 0.03147097220123615
140 0.4289827255278311 0.9304878048780488 0.08445297504798464 0.03402932130634871
99 0.4635206849091835 0.7090268118585368 0.13943207391039245 0.04002111611298215
131 0.4457773512476007 0.8903963414634146 0.09980806142034548 0.034280610751949006
52 0.4534548944337812 0.38140243902439025 0.09500959692898273 0.02195121951219512
43 0.44068226860845455 0.3268995765070206 0.08714300677375206 0.037389162533122175
115 0.505278310940499 0.7961890243902442 0.16026871401151632 0.04228729942142392
34 0.45753358925143944 0.28795731707317085 0.09358076218539968 0.027553716980168706
56 0.46713051823416507 0.4617378048780488 0.07821497120921306 0.027134146341463414
11 0.4779869683182027 0.14728201684718026 0.09644913627639155 0.04046318859617919
107 0.493042226487524 0.7547256097560976 0.0935700575815739 0.04276272508415462
19 0.5100767754318617 0.19024390243902442 0.07389635316698655 0.04141676304587709
141 0.5319097888675623 0.9344512195121951 0.07725527831094049 0.020121951219512196
44 0.5431506518905752 0.332962749718072 0.06957773512476008 0.037769601633640584
83 0.6045339078331781 0.614123758506474 0.15595009596928974 0.043030888741403185
132 0.5681381957773511 0.8907012195121953 0.07965451055662187 0.03511645603249069
35 0.5742877523010729 0.284012739051687 0.09777887106072795 0.032514107725083743
65 0.588531669865643 0.5120426829268293 0.10412667946257198 0.02530487804878049
92 0.5904510556621881 0.6612804878048781 0.08397312859884837 0.03293591457355183
12 0.591890595009597 0.1461890243902439 0.07053742802303263 0.018597560975609755
119 0.5666366241173028 0.8462756445756102 0.1241716647295199 0.0351217883062086
57 0.5631888921372507 0.4635267009643218 0.07159294600511595 0.033516475521115446
20 0.6361704194162251 0.18704268292682938 0.12169762807582914 0.04137768628313698
100 0.6277871353751366 0.7065548780487805 0.09836852207293666 0.0432138286967223
4 0.575914021632487 0.1101267944487808 0.11361511551786888 0.029402242143709133
57 0.6224735078512673 0.5693597560975611 0.0805256533021758 0.03968755936220953
108 0.6410748560460653 0.7512262854561877 0.07965451055662186 0.04234727739969474
45 0.6583493282149712 0.32652439024390245 0.09980806142034548 0.03170731707317073
116 0.6469480191386431 0.7973687159967814 0.0647792706333973 0.03463674944085245
133 0.6715451055662188 0.89375 0.08973128598848369 0.03567073170731707
58 0.6768234165067176 0.4557926829268294 0.095489443378119 0.04647370498607261
36 0.6855324332632357 0.2768093170648855 0.10610816593358076 0.03857402292223769
5 0.6794319848595658 0.10878775264878092 0.08436125263106437 0.03032898864052066
93 0.7125719769673704 0.6580792682926829 0.1276391554702495 0.03935621058088203
125 0.7238483685220729 0.8414634146341465 0.14635316698656428 0.0385584981732996
13 0.7145517732601908 0.14412461773942453 0.12142663652547248 0.03610733305136897
66 0.7128119001919386 0.50625 0.09644913627639155 0.030388783035988656
75 0.7214491362763915 0.5672959179704352 0.07629558541266791 0.040905670400280716
101 0.7257677543186182 0.7045731707317074 0.08397312859884837 0.03931910107755255
84 0.746401151631478 0.6123475609756099 0.09932821497120921 0.03589004409604225
117 0.7573127024399867 0.8001524390243904 0.11372360844529748 0.03433923082591747
109 0.7552783109404989 0.7551829268292682 0.09117082533589252 0.041545405134584996
6 0.804110450660283 0.1099892809981862 0.13038952903541945 0.026864403492957722
46 0.772792706333973 0.32591463414634153 0.08392768269178111 0.0330960936061665
134 0.7727927063339731 0.8942073170731707 0.058061420345489445 0.031097560975609756
21 0.7916892051266513 0.18586440844853153 0.12058841444388989 0.034173763371508604
37 0.7973944101130345 0.27831031492855823 0.0916579830598196 0.03665888409522897
59 0.8078214971209213 0.45670731707317075 0.10220729366602688 0.03597560975609756
60 0.7965451055662187 0.5646341463414635 0.06813819577735125 0.03156489927303248
14 0.8291746641074854 0.1426829268292683 0.07485604606525909 0.029465394395797526
29 0.8421020381335905 0.2349085365853659 0.10674005233251421 0.04447772690883617
94 0.843809980806142 0.6519817073170735 0.08301343570057582 0.03726634002038664
102 0.82610163384794 0.7016768292682928 0.044145873320537425 0.05315790883881205
67 0.8315560406642412 0.5009959081971325 0.09640526177704416 0.029834961556815726
85 0.8893953934740882 0.6051829268292684 0.14443378119001918 0.04040495924828311
126 0.8622840690978887 0.8426829268292685 0.09021113243761997 0.03874406634100199
110 0.8510076775431861 0.7503048780487808 0.0647792706333973 0.04420777464700781
47 0.870440475827801 0.3237206341214854 0.0878742798704523 0.040917051281861516
135 0.8999520153550863 0.8890243902439026 0.12907869481765835 0.04343509907582055
77 0.9126679462571977 0.5553353658536586 0.11900191938579653 0.04011079390542837
38 0.892294295806271 0.2735319189740005 0.0722045291832686 0.0405390275289752
103 0.9153071017274472 0.699427458388783 0.10892514395393471 0.04177111879163143
118 0.8937140115163147 0.8047256097560975 0.04366602687140115 0.04141749808187548
22 0.9180492706191667 0.1860953520281988 0.07986712749432687 0.03827205295722798
60 0.9227447216890594 0.45411585365853663 0.0710172744721689 0.03726017585795457
68 0.925623800383877 0.49862804878048783 0.0690978886756238 0.034489570130926905
111 0.9421785028790787 0.7512195121951221 0.10028790786948176 0.043737269194609844
7 0.9280230326295585 0.11554878048780488 0.060460652591170824 0.025
95 0.9280230326295585 0.6439024390243904 0.06046065259117082 0.04630760938106603
30 0.9409788867562379 0.2248475609756098 0.0690978886756238 0.025563617461717616
15 0.9365283285949203 0.1426829268292684 0.11463313838168365 0.031642732662184044
127 0.9631430693608325 0.8479454948357066 0.09146393931635899 0.03685720378554607
119 0.9606525911708252 0.8088414634146341 0.07869481765834932 0.033128552492178366
48 0.9556142034548945 0.3205792682926829 0.0647792706333973 0.031402439024390244
28 0.736578344295562 0.23155944364614384 0.07438187092450319 0.044404938271606006
27 0.6244420388866518 0.23777613500416866 0.10706481420951233 0.035523950617284784
26 0.5094882383669651 0.24221662883132938 0.08452485332329915 0.04099064347273119
25 0.3629501083203197 0.24366917688536752 0.1421014917960256 0.049376584702432155
39 0.9554157831908417 0.2732752316380455 0.046747421092236535 0.04473182805472147
55 0.3740947348895415 0.4664409429805255 0.07832365689544815 0.0387958879804828
81 0.34732742018960855 0.6181474891125404 0.02965109868184849 0.03526898907316647
73 0.524953499090469 0.5735802000686021 0.08264276228806208 0.04473182805472203
91 0.4982842892343881 0.6597004861877617 0.07552638343489702 0.04055933743414163
