9 0.03720817120622568 0.07537517053206003 0.06857976653696499 0.021145975443383355
50 0.05642023346303502 0.291268758526603 0.10311284046692606 0.03342428376534789
139 0.04401750972762646 0.7883697135061392 0.07830739299610895 0.021487039563437928
25 0.08146887159533074 0.15399045020463847 0.1522373540856031 0.02626193724420191
85 0.07055442595400273 0.512619372442019 0.10797665369649809 0.021145975443383355
119 0.0629863813229572 0.7000341064120055 0.11235408560311284 0.024215552523874487
17 0.07295719844357978 0.11903137789904503 0.10740465354190391 0.02592087312414734
94 0.051313229571984434 0.5504774897680764 0.07830739299610895 0.017735334242837655
116 0.04547665369649805 0.6659276944065484 0.0646887159533074 0.019440654843110503
53 0.08171206225680934 0.3472032742155525 0.13618677042801555 0.019099590723055934
108 0.04961089494163424 0.6284106412005457 0.07198443579766536 0.020122783083219645
33 0.08747771447016202 0.20195739631639079 0.1595122237184144 0.032669982425393485
41 0.06882295719844359 0.24403137789904503 0.10068093385214008 0.030354706684856753
68 0.07076848249027237 0.4345156889495225 0.10359922178988328 0.020463847203274217
61 0.06736381322957198 0.39290586630286495 0.08900778210116732 0.019781718963165076
77 0.0844048904486074 0.47324057673960207 0.13083657587548644 0.037508472750395816
0 0.07235935612360438 0.029686688608633438 0.12895766549591403 0.04374744775652942
100 0.07911929185235403 0.595668485675307 0.12312073136539275 0.021487039563437928
131 0.13765731760656272 0.7409618008185539 0.09792387357038451 0.02715931424532604
117 0.16853112840466927 0.6621759890859482 0.13764591439688717 0.019440654843110503
109 0.1742765119505797 0.6264258038881894 0.10461371773314443 0.029331514324693043
140 0.15716830102335974 0.7861053594816992 0.06848932011491428 0.0349708378975873
10 0.14656796970564412 0.07287873703962178 0.11106900145112884 0.020044394051002123
95 0.16245136186770429 0.5513301500682128 0.09241245136186771 0.029672578444747612
51 0.16008658896110292 0.2921214188267394 0.06924502626739806 0.04108630270918969
41 0.17947470817120623 0.25136425648021826 0.0963035019455253 0.023874488403819918
62 0.1870136186770428 0.3867667121418827 0.10165369649805447 0.0252387448840382
69 0.17363813229571984 0.4343451568894952 0.0622568093385214 0.022851296043656207
1 0.181420233463035 0.033083219645293316 0.06712062256809338 0.02592087312414734
18 0.20452334630350194 0.11834924965893588 0.11138132295719845 0.021145975443383355
86 0.21011673151750973 0.509549795361528 0.09922178988326848 0.023192360163710776
125 0.23613813229571984 0.697305593451569 0.14542801556420235 0.03240109140518418
101 0.20160505836575876 0.592087312414734 0.07344357976653697 0.020463847203274217
26 0.21035992217898833 0.16064120054570258 0.07344357976653697 0.017053206002728513
78 0.21498054474708173 0.47851296043656205 0.07879377431906615 0.019099590723055934
54 0.2492704280155642 0.34498635743519784 0.13959143968871596 0.022851296043656207
34 0.2312743190661479 0.20361527967257845 0.06942804232565623 0.02454034375751741
141 0.2517023346303502 0.7835948158253752 0.0958171206225681 0.020804911323328786
132 0.2502723247866875 0.7423260572987722 0.06857976653696499 0.02353342428376535
70 0.25 0.4333219645293315 0.06614785992217899 0.021487039563437928
11 0.2690334675516066 0.07622783083219645 0.11284046692607005 0.033083219645293316
2 0.2726167315175097 0.038881309686221006 0.07830739299610895 0.018417462482946793
43 0.27577821011673154 0.24113233287858118 0.07101167315175097 0.0252387448840382
96 0.29377431906614787 0.5521828103683493 0.09922178988326848 0.021145975443383355
110 0.2898832684824903 0.6229536152796725 0.07490272373540856 0.02694406548431105
79 0.29847473075414205 0.4753818359480999 0.09481213147186235 0.02126548191388132
63 0.3066634241245137 0.3891541609822647 0.10262645914396888 0.031965038271753114
102 0.2842898832684825 0.5840723055934516 0.0325875486381323 0.02626193724420191
27 0.3205252918287938 0.15774215552523874 0.09241245136186771 0.02626193724420191
35 0.3329280155642023 0.1971350613915416 0.09970817120622569 0.02660300136425648
19 0.3144455252918288 0.11545020463847203 0.060797665369649805 0.024897680763983628
118 0.30617704280155644 0.6625170532060027 0.04328793774319066 0.020122783083219645
71 0.33000972762645914 0.4297407912687585 0.08219844357976654 0.0252387448840382
87 0.3256322957198444 0.5148362892223739 0.05982490272373542 0.051678640898447537
103 0.3717941941119446 0.592707893246872 0.0890614415399357 0.02523759812498915
111 0.396336182253841 0.6282401091405184 0.13190936717060228 0.024666271841997118
55 0.38059338521400776 0.35044338335607095 0.08608949416342412 0.024215552523874487
44 0.3788910505836576 0.24062073669849932 0.08073929961089495 0.019440654843110503
3 0.40154831943605185 0.03967242257838639 0.12110112103460514 0.03567003509967252
52 0.3854571984435798 0.28274215552523874 0.08608949416342412 0.021828103683492497
119 0.4078307392996109 0.6620054570259208 0.125 0.019781718963165076
126 0.4041828793774319 0.6959413369713506 0.11575875486381323 0.02899045020463847
133 0.3862425009265248 0.7347277721694013 0.10976619188734824 0.02903700505425255
12 0.3964007782101167 0.07827421555252387 0.08949416342412451 0.02899045020463847
88 0.40175097276264593 0.5080150068212824 0.07295719844357977 0.03240109140518418
20 0.43885908618152913 0.11682857128257616 0.1280507664099306 0.034464456927352824
28 0.428988326848249 0.15330832196452934 0.06906614785992218 0.02557980900409277
36 0.45282101167315175 0.1961118690313779 0.10019455252918288 0.027285129604365622
64 0.5007295719844358 0.3836971350613915 0.18531128404669261 0.034788540245566164
72 0.4696011673151751 0.42581855388813095 0.12110894941634241 0.02626193724420191
97 0.41079335452618787 0.5432061585948743 0.08903678778086835 0.029331514324693043
56 0.48249027237354086 0.34208731241473395 0.0963035019455253 0.03547066848567531
43 0.5063229571984436 0.5044338335607094 0.0963035019455253 0.027285129604365622
81 0.4771400778210117 0.4698158253751705 0.03404669260700389 0.015347885402455661
98 0.5138618677042801 0.5457025920873124 0.10749027237354086 0.0286493860845839
13 0.5126459143968871 0.08287858117326058 0.10214007782101167 0.019781718963165076
104 0.492938605359354 0.5888472032742156 0.08960758615945034 0.03861754857138884
134 0.5021887159533074 0.7411323328785812 0.06955252918287938 0.0252387448840382
4 0.5269941634241245 0.0458731241473397 0.08511673151750973 0.018076398362892224
127 0.5379377431906615 0.6998635743519782 0.10603112840466926 0.02796725784447476
29 0.5457198443579766 0.15876534788540245 0.11770428015564202 0.022851296043656207
45 0.5140556555731078 0.2317530695770805 0.13078276510846487 0.037109957106001644
112 0.572801410157728 0.6276195283083803 0.14563399016862796 0.02557980900409277
120 0.5469357976653697 0.6594474761255116 0.08998054474708171 0.031036834924965895
82 0.5839007782101168 0.46947476125511595 0.13570038910505836 0.021487039563437928
21 0.5893675092634818 0.11545020463847203 0.14312026694532543 0.031188031373056185
37 0.5848735408560312 0.1959413369713506 0.08706225680933852 0.020122783083219645
57 0.5928988326848249 0.3419167803547067 0.07782101167315175 0.018758526603001365
90 0.6114953217061257 0.5031785617325473 0.07592326863893191 0.028540767699207766
105 0.6223249027237354 0.5844133697135061 0.0928988326848249 0.018758526603001365
135 0.6378891050583657 0.7411323328785812 0.1240272373540856 0.034788540245566164
14 0.6223249027237354 0.08339017735334243 0.08511673151750973 0.016712141882673944
5 0.6296206225680934 0.049624829467939974 0.07636186770428016 0.017394270122783082
99 0.686284046692607 0.5381991814461119 0.18093385214007782 0.019099590723055934
73 0.6392076539050103 0.41935244577098 0.11470134395919855 0.025869869029196222
30 0.6682879377431906 0.1548431105047749 0.09533073929961089 0.017053206002728513
65 0.6719357976653699 0.3796043656207367 0.11601443370780204 0.024197168626977253
46 0.6726653696498055 0.23192360163710776 0.0933852140077821 0.032060027285129605
121 0.6736381322957199 0.66268758526603 0.08171206225680934 0.021145975443383355
128 0.6867704280155642 0.7031036834924966 0.09824902723735408 0.019440654843110503
38 0.7098735408560312 0.19406548431105047 0.10359922178988328 0.020463847203274217
91 0.7117456047338178 0.4939223932469888 0.0666209677360316 0.03015336222942746
22 0.7261673151750972 0.12090723055934516 0.10894941634241245 0.030354706684856753
15 0.7492704280155642 0.08663028649386084 0.14056420233463035 0.023192360163710776
113 0.7154403296967389 0.6251705320600273 0.08063979473830794 0.025238744884038194
58 0.7213680979018012 0.33281703376528954 0.09143968871595332 0.028308321964529332
6 0.7575389105058365 0.05098908594815826 0.13764591439688717 0.020122783083219645
57 0.7456225680933852 0.417462482946794 0.08365758754863813 0.019099590723055934
136 0.7767509727626459 0.7457366984993179 0.1254863813229572 0.03240109140518418
31 0.7662937743190662 0.1584242837653479 0.0909533073929961 0.024897680763983628
122 0.7974221789883269 0.6562073669849932 0.1269455252918288 0.02660300136425648
47 0.7796692607003891 0.22970668485675308 0.09046692607003891 0.02557980900409277
83 0.7767129731796703 0.45987752864950293 0.16832578675461812 0.029759567649096312
129 0.7857490272373542 0.6935538881309685 0.06686830912847999 0.029552470185870244
66 0.831955252918288 0.37329467939972716 0.14542801556420235 0.02626193724420191
39 0.8081225680933852 0.19406548431105047 0.08025291828793775 0.019099590723055934
42 0.8193093385214008 0.6200545702592087 0.08025291828793775 0.021145975443383355
92 0.8296930755509382 0.49834211664381234 0.09293961777462216 0.02994382139724376
106 0.7939389728097671 0.5790037810367182 0.15995276778490058 0.03287860905872389
23 0.8460603112840467 0.12329467939972714 0.09873540856031128 0.018076398362892224
59 0.8657498894060467 0.330273163028766 0.12013618677042805 0.036834924965893585
75 0.8611381322957199 0.40978854024556616 0.10846303501945526 0.022851296043656207
32 0.8852140077821011 0.1534788540245566 0.10992217898832685 0.017735334242837655
16 0.9007782101167315 0.08441336971350615 0.1254863813229572 0.020122783083219645
48 0.8801070038910506 0.22987721691678034 0.06955252918287938 0.03819918144611187
7 0.881079766536965 0.05252387448840382 0.06955252918287938 0.021828103683492497
137 0.8818093385214008 0.736869031377899 0.05058365758754864 0.033083219645293316
115 0.9311770428015564 0.6156207366984994 0.13764591439688717 0.02455661664392906
40 0.9221789883268483 0.19423601637107776 0.11770428015564202 0.02694406548431105
84 0.9289883268482491 0.455150068212824 0.0943579766536965 0.019440654843110503
123 0.9229085603112842 0.6572305593451568 0.07344357976653698 0.03513100665108243
107 0.9375000000000003 0.5789563437926329 0.08410014882374779 0.024631855924743287
24 0.9496595330739299 0.12090723055934516 0.07441634241245136 0.018076398362892224
138 0.9416342412451362 0.747612551159618 0.05252918287937743 0.020463847203274217
8 0.9615758754863813 0.049795361527967257 0.07684824902723736 0.018417462482946793
60 0.9696860319388935 0.32559824658860026 0.0749027237354086 0.05001792806814389
49 0.9630350194552529 0.22390859481582537 0.07392996108949416 0.031036834924965895
130 0.9637645914396887 0.6986698499317872 0.060797665369649805 0.016712141882673944
67 0.9586666901174669 0.3690469036347701 0.07749170418591483 0.030938063777765177
60 0.9505096686242127 0.40882441420618243 0.0652561719460334 0.036831028306863293
80 0.3861457440596893 0.47143716232785 0.07239356575263087 0.029464822645490635
93 0.946940971720914 0.49574564101037977 0.09278611948576632 0.03977751057141237
