62 0.054285714285714284 0.4180979643765903 0.08 0.01812977099236641
53 0.07333333333333333 0.3772264631043257 0.11333333333333333 0.018447837150127225
34 0.049761904761904764 0.22916666666666666 0.06523809523809523 0.033720646840640606
43 0.060238095238095236 0.27512722646310434 0.08238095238095237 0.023536895674300253
0 0.07828605162554608 0.05407124681933844 0.1048649023525792 0.026081424936386776
70 0.05285714285714286 0.46087786259541985 0.06380952380952382 0.01717557251908397
80 0.055952380952380955 0.5060432569974554 0.07 0.01717557251908397
43 0.05619047619047619 0.5485050890585241 0.07047619047619047 0.026399491094147583
25 0.08714285714285715 0.17223282442748092 0.12857142857142856 0.024491094147582698
52 0.05857142857142857 0.32029262086513993 0.07047619047619047 0.018447837150127225
98 0.06522716856557575 0.5960979230661169 0.09427374514172877 0.023218829516539443
132 0.06166666666666667 0.7841921119592875 0.07 0.01940203562340967
8 0.0869047619047619 0.0893765903307888 0.11571428571428571 0.01653944020356234
107 0.06642857142857143 0.6455152671755725 0.0719047619047619 0.020674300254452927
115 0.11452380952380953 0.6854325699745547 0.16714285714285715 0.027989821882951654
123 0.06 0.7344147582697201 0.058095238095238096 0.024173027989821884
17 0.08785714285714286 0.13120229007633588 0.11095238095238096 0.020674300254452927
141 0.07718467551438467 0.8325381679389313 0.06670286539432346 0.02919018523771065
35 0.14285714285714285 0.22614503816793893 0.0761904761904762 0.02608142493638677
90 0.13285714285714287 0.5548664122137404 0.05619047619047619 0.017493638676844784
71 0.14047619047619048 0.4604007633587786 0.06476190476190476 0.024491094147582698
133 0.14595238095238094 0.7800572519083969 0.07571428571428572 0.02321882951653944
63 0.14642857142857144 0.4193702290076336 0.06714285714285714 0.020674300254452927
44 0.14714285714285713 0.28053435114503816 0.06571428571428571 0.01717557251908397
81 0.1269047619047619 0.5085877862595419 0.025238095238095237 0.013994910941475827
99 0.20787164454737173 0.5978804897456292 0.13692040670457953 0.024622357341912787
119 0.16780082279538655 0.7372773536895676 0.13122667564185675 0.02099236641221374
108 0.18091056258085342 0.6445191252799394 0.08400551794541809 0.023754833876023666
1 0.1738095238095238 0.05152671755725191 0.05333333333333334 0.021628498727735368
82 0.21857142857142858 0.5109732824427481 0.12857142857142856 0.022582697201017812
9 0.18571428571428572 0.09017175572519084 0.05904761904761905 0.016857506361323157
26 0.19595238095238096 0.1763676844783715 0.06428571428571428 0.01494910941475827
18 0.21675387842743107 0.13422391857506363 0.09101316376810216 0.021628498727735368
54 0.21556340223695486 0.3772264631043258 0.12600582009290254 0.020356234096692113
91 0.21428571428571427 0.5515267175572519 0.05619047619047619 0.02608142493638677
72 0.2423809523809524 0.46564885496183206 0.09619047619047619 0.018447837150127225
36 0.24428571428571427 0.22837150127226463 0.08952380952380952 0.023536895674300253
45 0.259047619047619 0.27719465648854963 0.11047619047619048 0.029580152671755726
134 0.2369047619047619 0.7797391857506362 0.06523809523809523 0.021310432569974554
2 0.25333333333333335 0.05756997455470738 0.07523809523809524 0.01717557251908397
64 0.29371496039394934 0.4174950348728966 0.13475785185659905 0.03733369963280823
116 0.24714285714285714 0.6913167938931297 0.058095238095238096 0.01812977099236641
10 0.2888095238095238 0.09351145038167939 0.09952380952380953 0.015267175572519083
109 0.2976190476190476 0.6455152671755725 0.09619047619047619 0.025127226463104325
27 0.2976190476190476 0.1760496183206107 0.09333333333333334 0.025127226463104325
125 0.31785714285714284 0.7333015267175572 0.12428571428571429 0.026399491094147583
19 0.3173809523809524 0.13804071246819338 0.0680952380952381 0.021628498727735368
100 0.3495238095238095 0.6044847328244275 0.11523809523809524 0.01940203562340967
117 0.3619610819665184 0.6909987277353691 0.15054809408114161 0.027723640425693568
55 0.3345238095238095 0.3746819338422392 0.07476190476190477 0.019083969465648856
135 0.35480729815114165 0.7775127226463104 0.11057944512988098 0.025763358778625955
83 0.3821428571428571 0.5071564885496184 0.15285714285714286 0.025763358778625955
3 0.37493632828343365 0.06027353689567431 0.14171427610064188 0.025127226463104325
37 0.345 0.23695928753180662 0.0680952380952381 0.018447837150127225
92 0.3490730474103675 0.5562977099236642 0.07663484485887935 0.026324946707248637
73 0.36988547155793694 0.46430144409661017 0.08250611452259887 0.030780724681905413
46 0.37523809523809526 0.2814885496183206 0.06380952380952382 0.022264631043257
11 0.4085714285714286 0.0962150127226463 0.10380952380952381 0.029580152671755726
28 0.3943729260464787 0.17609156174296162 0.07633132483597306 0.02424315107906742
20 0.42595238095238097 0.13788167938931298 0.12333333333333334 0.025127226463104325
110 0.4035714285714286 0.6423346055979644 0.06333333333333334 0.022582697201017812
56 0.42428571428571427 0.3683206106870229 0.06285714285714286 0.02862595419847328
38 0.4319047619047619 0.23520992366412213 0.07523809523809524 0.017493638676844784
126 0.44285714285714284 0.7302798982188295 0.09238095238095238 0.026717557251908396
93 0.4602380952380952 0.5580470737913485 0.1061904761904762 0.01812977099236641
57 0.45071428571428573 0.4638994910941476 0.051904761904761905 0.016857506361323157
101 0.46476190476190476 0.603530534351145 0.07714285714285714 0.01940203562340967
47 0.46785714285714286 0.285941475826972 0.07952380952380952 0.02099236641221374
136 0.4707142857142857 0.7787849872773537 0.07857142857142857 0.022582697201017812
65 0.44650674483536673 0.41960440832069273 0.12988237805043085 0.03387178704221428
29 0.5028571428571429 0.1808206106870229 0.10666666666666667 0.020038167938931296
4 0.49333333333333335 0.06313613231552163 0.07714285714285714 0.01812977099236641
118 0.4828571428571429 0.686704834605598 0.045714285714285714 0.01717557251908397
111 0.515 0.6456743002544529 0.10809523809523809 0.01717557251908397
57 0.5057142857142857 0.36943384223918574 0.05904761904761905 0.01812977099236641
12 0.5231879131922624 0.09537790390589343 0.07967103539799322 0.026399491094147583
84 0.5183333333333333 0.5104961832061069 0.07285714285714286 0.019720101781170483
39 0.5219047619047619 0.23536895674300254 0.04666666666666667 0.015903307888040712
75 0.5416666666666666 0.4634223918575064 0.08523809523809524 0.018447837150127225
127 0.5595238095238095 0.7296437659033079 0.08285714285714285 0.02480916030534351
119 0.5811904761904761 0.6871819338422391 0.10523809523809524 0.01940203562340967
66 0.5783333333333334 0.4153944020356234 0.09761904761904762 0.019083969465648856
137 0.5504761904761905 0.7771946564885496 0.040952380952380955 0.025127226463104325
94 0.5780952380952381 0.5545483460559797 0.08666666666666667 0.016221374045801526
48 0.5711904761904761 0.2845101781170484 0.07095238095238095 0.02703562340966921
5 0.5785714285714286 0.059637404580152674 0.06380952380952382 0.01494910941475827
58 0.5983333333333334 0.3641857506361323 0.08619047619047619 0.02608142493638677
21 0.6176190476190476 0.1381997455470738 0.11619047619047619 0.02703562340966921
40 0.6209523809523809 0.23823155216284989 0.09904761904761905 0.029262086513994912
13 0.6199581816284732 0.10070988235364861 0.08197841183181118 0.031159237918140174
30 0.6133333333333333 0.18225190839694658 0.06952380952380953 0.015903307888040712
103 0.5944002427277771 0.5993956743002546 0.09677862527382061 0.02478761495060693
112 0.665 0.6439249363867684 0.16333333333333333 0.022582697201017812
85 0.6393783893827386 0.5041680628627184 0.118582943126153 0.02418775829130036
138 0.6166666666666667 0.77735368956743 0.04285714285714286 0.015903307888040712
60 0.6283333333333333 0.45849236641221375 0.056666666666666664 0.017493638676844784
49 0.6830952380952381 0.2767175572519084 0.09952380952380953 0.024173027989821884
95 0.680952380952381 0.5510496183206107 0.08190476190476191 0.03212468193384224
128 0.6764285714285714 0.7291666666666666 0.07285714285714286 0.021310432569974554
67 0.6862831512875004 0.41205470737913485 0.08560654361540884 0.02487982263748334
120 0.694047619047619 0.6817748091603053 0.07761904761904762 0.030216284987277353
59 0.7144710644797626 0.36331543900755164 0.12538628906726196 0.026081424936386776
139 0.6980952380952381 0.7771946564885496 0.07333333333333333 0.017493638676844784
31 0.6983333333333334 0.1805025445292621 0.06904761904761905 0.017493638676844784
104 0.6978262511581349 0.5965330788804071 0.0799498110117334 0.02368618970044121
14 0.709047619047619 0.09796437659033079 0.06 0.015267175572519083
77 0.7502780252910723 0.4566259128879997 0.12922518601395536 0.040337952059892504
41 0.7323809523809524 0.2317111959287532 0.07142857142857142 0.02194656488549618
22 0.7316666666666667 0.1359732824427481 0.06619047619047619 0.02321882951653944
6 0.7585714285714286 0.06631679389312978 0.10571428571428572 0.020038167938931296
86 0.7511904761904762 0.5001590330788804 0.08428571428571428 0.026399491094147583
129 0.7559523809523809 0.725031806615776 0.07666666666666666 0.024491094147582698
96 0.78 0.548823155216285 0.07428571428571429 0.015585241730279899
121 0.7852380952380953 0.6863867684478372 0.07809523809523809 0.022900763358778626
68 0.7966666666666666 0.4088740458015267 0.09523809523809523 0.020674300254452927
32 0.7835714285714286 0.1808206106870229 0.0680952380952381 0.01812977099236641
105 0.7904761904761904 0.5960559796437659 0.08095238095238096 0.01717557251908397
15 0.8102380952380952 0.09987277353689568 0.11571428571428571 0.01653944020356234
50 0.8014285714285714 0.2768765903307888 0.0980952380952381 0.02321882951653944
113 0.7952380952380952 0.6418575063613231 0.06 0.019720101781170483
60 0.8142857142857143 0.3610050890585242 0.05142857142857143 0.01717557251908397
23 0.8185096451734125 0.14042620865139951 0.08395028341512854 0.02072287530368464
87 0.8317284500646829 0.5022264631043258 0.05198861449922537 0.025105167200761103
130 0.85 0.7286895674300254 0.06 0.019083969465648856
97 0.8676190476190476 0.5423027989821882 0.08285714285714285 0.026717557251908396
78 0.8597619047619047 0.4529262086513995 0.062380952380952384 0.015267175572519083
33 0.9114285714285715 0.17509541984732824 0.15714285714285714 0.026399491094147583
140 0.8726190476190476 0.776558524173028 0.07476190476190477 0.020674300254452927
42 0.8799472549559529 0.23453184792624965 0.07908775120637551 0.02099236641221374
106 0.9102780252910727 0.5908830342748913 0.14402069283450586 0.03460324735850199
42 0.8858687442093262 0.6391539440203562 0.09051140804419613 0.023218829516539443
61 0.8816666666666667 0.356234096692112 0.06714285714285714 0.015903307888040712
122 0.8924372724427088 0.6787531806615776 0.09162570794026839 0.024173027989821884
51 0.888095238095238 0.27353689567430023 0.06285714285714286 0.01717557251908397
7 0.8873809523809524 0.06679389312977099 0.056666666666666664 0.02099236641221374
69 0.8976190476190476 0.4002862595419847 0.06476190476190476 0.020038167938931296
24 0.8966666666666666 0.13979007633587787 0.05333333333333334 0.01812977099236641
88 0.9073809523809524 0.49475190839694655 0.06619047619047619 0.02194656488549618
16 0.925952380952381 0.0981234096692112 0.08333333333333333 0.01940203562340967
131 0.9319610819665184 0.7293256997455471 0.07011827363085803 0.031984690075517075
79 0.940952380952381 0.45244910941475824 0.07809523809523809 0.020038167938931296
81 0.5278739925049807 0.6003457614018716 0.029569202913046426 0.033884546042314216
