119 0.07952235772357724 0.8530478955007257 0.11229674796747967 0.023222060957910014
116 0.06427845528455285 0.7993468795355588 0.06961382113821138 0.015965166908563134
131 0.0703760162601626 0.9045718432510885 0.07774390243902439 0.023222060957910014
60 0.07342479674796748 0.566400580551524 0.07876016260162602 0.02177068214804064
140 0.08943089430894309 0.9566400580551524 0.10975609756097561 0.027213352685050797
53 0.09959349593495935 0.4181785195936139 0.125 0.02358490566037736
100 0.09984756097560976 0.7079100145137881 0.11839430894308943 0.018867924528301886
45 0.09654471544715447 0.35921625544267055 0.10873983739837398 0.03555878084179971
84 0.08714430894308943 0.6135703918722787 0.0899390243902439 0.02177068214804064
36 0.08917682926829268 0.31712626995645865 0.09298780487804878 0.020319303338171262
61 0.08841463414634146 0.4709724238026125 0.09146341463414634 0.02104499274310595
93 0.10442073170731707 0.6614658925979681 0.11636178861788618 0.02177068214804064
14 0.09298780487804878 0.16346153846153846 0.09044715447154472 0.015602322206095792
21 0.11483739837398374 0.21389695210449927 0.13109756097560976 0.028664731494920173
28 0.09552845528455285 0.2665094339622642 0.09044715447154472 0.02576197387518142
0 0.1392310098004779 0.06746725233652083 0.17276422764227645 0.031930333817126275
7 0.08841463414634146 0.1217343976777939 0.06808943089430894 0.02648766328011611
117 0.18419715447154472 0.7966255442670537 0.14684959349593496 0.025036284470246733
77 0.20757113821138212 0.5622278664731495 0.15396341463414634 0.03519593613933237
109 0.1798780487804878 0.7539912917271407 0.08841463414634146 0.023947750362844702
132 0.18165650406504066 0.9033018867924528 0.0899390243902439 0.01632801161103048
8 0.21163617886178862 0.11665457184325109 0.13567073170731708 0.021407837445573296
62 0.19232723577235772 0.4642597968069666 0.09400406504065041 0.02648766328011611
37 0.20833333333333334 0.3127721335268505 0.09349593495934959 0.023947750362844702
125 0.2432513721962589 0.8470828202324199 0.18527176727743466 0.033744557329463
15 0.23704268292682926 0.15965166908563136 0.13973577235772358 0.026850507982583455
141 0.210619918699187 0.9521044992743106 0.08689024390243902 0.022496371552975326
46 0.21671747967479674 0.3613933236574746 0.0858739837398374 0.033381712626995644
85 0.22916666666666666 0.6104862119013063 0.11077235772357724 0.021407837445573296
94 0.23196138211382114 0.6607402031930334 0.10416666666666667 0.02177068214804064
54 0.24745934959349594 0.41364296081277213 0.11077235772357724 0.020319303338171262
101 0.24263211382113822 0.7066400580551524 0.10111788617886179 0.019230769230769232
69 0.25558943089430897 0.5156023222060958 0.09146341463414634 0.02104499274310595
22 0.25 0.21770682148040638 0.06707317073170732 0.029753265602322207
110 0.2787093495934959 0.7550798258345428 0.07063008130081301 0.02104499274310595
1 0.28252032520325204 0.06712626995645864 0.056910569105691054 0.029753265602322207
63 0.29827235772357724 0.46226415094339623 0.08434959349593496 0.023947750362844702
47 0.31478658536585363 0.3661103047895501 0.08485772357723577 0.026124818577648767
38 0.32672764227642276 0.3111393323657475 0.08333333333333333 0.01995645863570392
9 0.35365853658536583 0.11357039187227866 0.10060975609756098 0.02177068214804064
23 0.3541666666666667 0.2227866473149492 0.09857723577235772 0.020319303338171262
78 0.3556910569105691 0.5676705370101597 0.09959349593495935 0.019230769230769232
86 0.35264227642276424 0.6061320754716981 0.07926829268292683 0.027213352685050797
95 0.3559451219512195 0.6558417997097242 0.08384146341463415 0.031567489114658925
118 0.34375 0.8000725689404935 0.05741869918699187 0.018867924528301886
70 0.35772357723577236 0.5152394775036284 0.08130081300813008 0.015965166908563134
102 0.3361280487804878 0.701378809869376 0.03201219512195122 0.022496371552975326
2 0.3762534875829762 0.07327276757599833 0.09197154471544715 0.021770682148040645
16 0.38922764227642276 0.15965166908563136 0.09959349593495935 0.02104499274310595
111 0.4113313008130081 0.7536284470246735 0.12449186991869919 0.027576197387518143
48 0.4217479674796748 0.3555878084179971 0.0975609756097561 0.027576197387518143
126 0.4349593495934959 0.8490566037735849 0.11382113821138211 0.031204644412191583
103 0.4242886178861789 0.7073657474600871 0.08638211382113821 0.021407837445573296
39 0.4169207317073171 0.3111393323657475 0.053353658536585365 0.021407837445573296
64 0.4715447154471545 0.455188679245283 0.16056910569105692 0.03737300435413643
31 0.4405487804878049 0.2674165457184325 0.07926829268292683 0.022496371552975326
119 0.4570630081300813 0.8006168359941945 0.11229674796747967 0.020682148040638608
87 0.43165650406504064 0.6101233671988389 0.05538617886178862 0.0330188679245283
71 0.4608739837398374 0.5117924528301887 0.0782520325203252 0.025036284470246733
96 0.46646341463414637 0.660377358490566 0.07520325203252033 0.018867924528301886
24 0.4649390243902439 0.22060957910014514 0.06808943089430894 0.023947750362844702
10 0.5005081300813008 0.11393323657474601 0.13617886178861788 0.018142235123367198
56 0.4888211382113821 0.4043904208998549 0.08028455284552846 0.031567489114658925
17 0.5330284552845529 0.15783744557329463 0.13008130081300814 0.02539912917271408
40 0.5276930894308943 0.3111393323657475 0.11026422764227642 0.027213352685050797
88 0.5264227642276422 0.6112119013062409 0.07723577235772358 0.03011611030478955
104 0.5442073170731707 0.7106313497822931 0.10670731707317073 0.019230769230769232
49 0.556910569105691 0.34869375907111755 0.12804878048780488 0.036284470246734396
112 0.5713922764227642 0.7523584905660378 0.15701219512195122 0.025036284470246733
32 0.536839430894309 0.2661465892597968 0.058434959349593495 0.02576197387518142
135 0.5645325203252033 0.8904208998548622 0.09349593495934959 0.026850507982583455
80 0.5652947154471545 0.568033381712627 0.09197154471544715 0.020682148040638608
127 0.5716463414634146 0.8506894049346879 0.08841463414634146 0.02648766328011611
120 0.5701219512195121 0.7955370101596516 0.08231707317073171 0.03374455732946299
25 0.5962906504065041 0.21389695210449927 0.13363821138211382 0.027939042089985485
97 0.5741869918699187 0.6572931785195936 0.08231707317073171 0.027939042089985485
57 0.5876524390243902 0.41491291727140783 0.07164634146341463 0.022859216255442672
65 0.6420223577235772 0.46081277213352684 0.13973577235772358 0.022496371552975326
11 0.6422764227642277 0.11411465892597968 0.11991869918699187 0.04027576197387518
43 0.6295731707317073 0.6104862119013063 0.07723577235772358 0.030841799709724237
41 0.6458333333333334 0.3037010159651669 0.08739837398373984 0.03193033381712627
33 0.6745426829268293 0.25943396226415094 0.13770325203252032 0.034107402031930335
105 0.6638719512195121 0.7113570391872278 0.09400406504065041 0.020682148040638608
18 0.6816565040650406 0.1620101596516691 0.1092479674796748 0.024310595065312045
121 0.6913109756097561 0.8002539912917271 0.10213414634146341 0.027939042089985485
58 0.6989329268292683 0.4047532656023222 0.09705284552845528 0.03519593613933237
136 0.6948678861788617 0.8949564586357039 0.08790650406504065 0.030841799709724237
113 0.711890243902439 0.7590711175616836 0.09654471544715447 0.02539912917271408
128 0.7116361788617886 0.853955007256894 0.0899390243902439 0.021407837445573296
82 0.7370426829268293 0.5662191582002902 0.12550813008130082 0.022133526850507984
26 0.7271341463414634 0.21607402031930334 0.08841463414634146 0.021407837445573296
73 0.7352642276422764 0.5123367198838897 0.09451219512195122 0.03483309143686502
90 0.7266260162601627 0.6153846153846154 0.0701219512195122 0.015239477503628448
5 0.7535569105691057 0.07111756168359942 0.09044715447154472 0.015239477503628448
12 0.7769308943089431 0.11393323657474601 0.11077235772357724 0.03555878084179971
66 0.7873475609756098 0.46153846153846156 0.12347560975609756 0.026850507982583455
98 0.7690548780487805 0.6560232220609579 0.08485772357723577 0.031204644412191583
106 0.7987804878048781 0.7131712626995645 0.13821138211382114 0.02358490566037736
19 0.7911585365853658 0.1625544267053701 0.0701219512195122 0.023222060957910014
122 0.813770325203252 0.8022496371552975 0.1133130081300813 0.023947750362844702
137 0.7883638211382114 0.8924165457184325 0.05741869918699187 0.031567489114658925
51 0.7863313008130082 0.3543178519593614 0.051321138211382115 0.020682148040638608
59 0.8295223577235772 0.409833091436865 0.12449186991869919 0.03664731494920174
42 0.8229166666666666 0.7608853410740203 0.09705284552845528 0.02539912917271408
91 0.8257113821138211 0.6142960812772134 0.07520325203252033 0.02902757619738752
57 0.836890243902439 0.520500725689405 0.0782520325203252 0.022859216255442672
43 0.8521341463414634 0.305878084179971 0.08028455284552846 0.029753265602322207
83 0.9077743902439024 0.5651306240928883 0.1834349593495935 0.03374455732946299
99 0.8965955284552846 0.6625544267053701 0.14989837398373984 0.02539912917271408
20 0.8945630081300813 0.1580188679245283 0.12449186991869919 0.030841799709724237
138 0.8605182926829268 0.8991291727140783 0.053353658536585365 0.019593613933236574
13 0.896849593495935 0.11647314949201741 0.11585365853658537 0.02177068214804064
35 0.884400406504065 0.2590711175616836 0.0899390243902439 0.02902757619738752
52 0.8823678861788617 0.35649492017416545 0.06961382113821138 0.020682148040638608
67 0.9151422764227642 0.4682510885341074 0.11585365853658537 0.024310595065312045
115 0.9364837398373984 0.760522496371553 0.12703252032520326 0.03193033381712627
123 0.9194613821138211 0.8013425253991292 0.08384146341463415 0.03011611030478955
130 0.9237804878048781 0.8579462989840348 0.08943089430894309 0.01995645863570392
92 0.928099593495935 0.6208272859216255 0.09197154471544715 0.023947750362844702
107 0.9324186991869918 0.7138969521044993 0.0975609756097561 0.019230769230769232
75 0.9458841463414634 0.5214078374455733 0.10213414634146341 0.023222060957910014
139 0.9301321138211383 0.9040275761973875 0.05741869918699187 0.027213352685050797
60 0.9446138211382114 0.4172714078374456 0.08231707317073171 0.027576197387518143
44 0.946900406504065 0.30932510885341075 0.07469512195121951 0.020682148040638608
3 0.5163933645923726 0.06761988270508829 0.1376497376986642 0.04567047510051046
4 0.6479253361710962 0.06688326213895102 0.09482537485907983 0.04714371623278501
6 0.8854985871621242 0.06688326213895102 0.1356104823253507 0.05009019849733406
27 0.8518508735024507 0.20831441083730606 0.09890388560570698 0.0383042694391378
29 0.2131183964810876 0.26229336069613046 0.10181259843598559 0.05417356921918117
30 0.3348996363674671 0.2620877121653264 0.07851133187257146 0.0368310283068633
34 0.790163398459716 0.25693136820236556 0.05913840582609285 0.04419723396823596
42 0.751927360210087 0.30849480783197414 0.07443282112594445 0.041250751703686875
50 0.6851417467340684 0.35563852406475915 0.09584500254573658 0.047143716232784995
55 0.3812926961103502 0.41014844595891686 0.08157021493254175 0.0383042694391378
68 0.1161894975795895 0.5169584280488204 0.12031606702549912 0.039777510571412295
72 0.5887869303450034 0.513275325218134 0.11317867321890168 0.050090198497333954
81 0.6469057084844395 0.5611556620170562 0.035686969032987084 0.0338845460423143
79 0.4582745864529366 0.5633655237154681 0.08258984261919862 0.04714371623278495
108 0.07285532089667668 0.7519403886466081 0.08055058724588499 0.04419723396823596
129 0.8141246490961501 0.84843768281059 0.08055058724588487 0.04861695736505945
133 0.3139972687910033 0.9000011224401987 0.09380574717242302 0.04272399283596146
134 0.4455292403697269 0.8985278813079239 0.07545244881260114 0.05745640415870661
