0 0.07490626736277012 0.049921668420382447 0.12246963562753034 0.04848205166549459
9 0.05187246963562753 0.09524828767123288 0.0673076923076923 0.019263698630136987
18 0.0597165991902834 0.1423373287671233 0.07591093117408906 0.027825342465753425
35 0.07034412955465587 0.2305222602739726 0.08906882591093117 0.029537671232876712
61 0.06503036437246963 0.4323630136986301 0.07236842105263158 0.02054794520547945
53 0.08982793522267206 0.3827054794520548 0.12095141700404859 0.031678082191780824
45 0.07742914979757085 0.2836044520547945 0.0951417004048583 0.03981164383561644
26 0.05895748987854251 0.18664383561643835 0.056174089068825914 0.018835616438356163
95 0.07211538461538461 0.634845890410959 0.08248987854251012 0.04452054794520548
86 0.06958502024291498 0.5845462328767124 0.07540485829959515 0.026113013698630137
78 0.06680161943319839 0.5344606164383562 0.06781376518218624 0.025256849315068493
69 0.06654858299595141 0.4856592465753425 0.05819838056680162 0.030393835616438356
110 0.07667004048582995 0.7303082191780822 0.07540485829959515 0.025684931506849314
103 0.09084008097165992 0.6842893835616438 0.10172064777327935 0.029537671232876712
116 0.06857287449392713 0.7840325342465754 0.057186234817813764 0.022688356164383562
130 0.07616396761133604 0.8790667808219178 0.07135627530364372 0.027825342465753425
139 0.08426113360323886 0.9278681506849316 0.08451417004048584 0.02696917808219178
123 0.07742914979757085 0.8268407534246576 0.06680161943319839 0.03981164383561644
10 0.1500506072874494 0.09738869863013698 0.08046558704453441 0.020976027397260275
62 0.15030364372469635 0.429152397260274 0.07894736842105263 0.02011986301369863
70 0.14979757085020243 0.4762414383561644 0.06477732793522267 0.02011986301369863
117 0.19256072874493926 0.7711900684931506 0.14726720647773278 0.02696917808219178
27 0.16573886639676114 0.17701198630136986 0.08856275303643725 0.03210616438356165
19 0.16194331983805668 0.1365582191780822 0.0708502024291498 0.02226027397260274
79 0.16902834008097167 0.5293236301369864 0.0840080971659919 0.023544520547945206
87 0.15766414621786506 0.5782752792337503 0.06213374996391375 0.03782739363005331
36 0.17940283400809717 0.2288850711237244 0.08957489878542507 0.049888004143858224
96 0.18016194331983806 0.6290667808219178 0.07995951417004049 0.022688356164383562
131 0.1791497975708502 0.8773544520547946 0.07692307692307693 0.033818493150684935
140 0.18345141700404857 0.9261558219178082 0.07945344129554656 0.034674657534246575
111 0.2117914979757085 0.7196061643835616 0.13006072874493926 0.025684931506849314
119 0.21077935222672065 0.8253424657534246 0.12398785425101215 0.030821917808219176
46 0.1811740890688259 0.2838184931506849 0.06072874493927125 0.030821917808219176
1 0.1778846153846154 0.0430222602739726 0.046052631578947366 0.02868150684931507
104 0.21027327935222673 0.674443493150685 0.07540485829959515 0.025256849315068493
71 0.23228744939271256 0.4732448630136986 0.08198380566801619 0.023544520547945206
88 0.2345647773279352 0.571917808219178 0.07135627530364372 0.02910958904109589
11 0.24493927125506074 0.09139554794520548 0.08198380566801619 0.03809931506849315
63 0.23304655870445345 0.4293664383561644 0.05819838056680162 0.032534246575342464
2 0.25961538461538464 0.04794520547945205 0.08198380566801619 0.02226027397260274
80 0.2555668016194332 0.5220462328767124 0.0728744939271255 0.026113013698630137
47 0.2591093117408907 0.2788955479452055 0.06174089068825911 0.02868150684931507
28 0.270748987854251 0.17636986301369864 0.06376518218623482 0.0273972602739726
20 0.2957995951417004 0.136986301369863 0.1118421052631579 0.03767123287671233
37 0.2717611336032389 0.23159246575342465 0.058704453441295545 0.0273972602739726
141 0.2859311740890688 0.9154537671232876 0.07591093117408906 0.022688356164383562
97 0.298582995951417 0.6170804794520548 0.08502024291497975 0.027825342465753425
132 0.2937753036437247 0.8653681506849316 0.07540485829959515 0.02440068493150685
105 0.3109817813765182 0.667166095890411 0.076417004048583 0.026113013698630137
43 0.33881578947368424 0.5644263698630136 0.07945344129554656 0.030393835616438356
12 0.34286437246963564 0.0879708904109589 0.06629554655870445 0.02868150684931507
48 0.3484386560267376 0.26859652880350743 0.07338056680161943 0.04124873419533305
64 0.3851214574898785 0.4120291095890411 0.14878542510121456 0.05179794520547945
125 0.37879554655870445 0.8167808219178082 0.1361336032388664 0.05051369863013699
38 0.3560222672064777 0.2249571917808219 0.07135627530364372 0.016695205479452056
81 0.33451417004048584 0.5188356164383562 0.027327935222672066 0.02054794520547945
118 0.3481781376518219 0.7622003424657534 0.053643724696356275 0.023544520547945206
55 0.3666497975708502 0.3585188356164384 0.08755060728744939 0.02868150684931507
3 0.3782894736842105 0.037457191780821915 0.10981781376518218 0.03296232876712329
82 0.4185222672064777 0.5136986301369864 0.12449392712550607 0.03424657534246575
98 0.4043522267206478 0.6113013698630136 0.08299595141700405 0.031678082191780824
21 0.4258603238866397 0.12756849315068494 0.1027327935222672 0.032534246575342464
106 0.4478744939271255 0.6566780821917808 0.14473684210526316 0.025684931506849314
90 0.4268724696356275 0.558861301369863 0.0652834008097166 0.019263698630136987
13 0.44559716599190285 0.08668664383561644 0.07945344129554656 0.02440068493150685
119 0.4686234817813765 0.7551369863013698 0.1194331983805668 0.025684931506849314
49 0.4524291497975709 0.2613441780821918 0.08502024291497975 0.033818493150684935
39 0.45394736842105265 0.2230308219178082 0.06275303643724696 0.023116438356164382
73 0.4716599190283401 0.4520547945205479 0.0860323886639676 0.0273972602739726
56 0.4658400809716599 0.3514554794520548 0.06022267206477733 0.045376712328767124
30 0.4764676113360324 0.1684503424657534 0.076417004048583 0.019263698630136987
4 0.4873481781376518 0.04023972602739726 0.06072874493927125 0.021404109589041095
99 0.5450404858299596 0.6008133561643836 0.145748987854251 0.025256849315068493
134 0.5060728744939271 0.8518835616438356 0.0597165991902834 0.023116438356164382
126 0.5366902834008097 0.7953767123287672 0.11791497975708502 0.0273972602739726
91 0.5098684210526315 0.5513698630136986 0.04908906882591093 0.025684931506849314
22 0.5258097165991903 0.12007705479452055 0.07489878542510121 0.027825342465753425
113 0.5379554655870445 0.700556506849315 0.07692307692307693 0.03296232876712329
83 0.5888157894736842 0.5017123287671232 0.16649797570850203 0.036815068493150686
14 0.5432692307692307 0.08154965753424658 0.06933198380566802 0.016695205479452056
40 0.5571862348178138 0.2211044520547945 0.0951417004048583 0.030393835616438356
57 0.5528846153846154 0.3518835616438356 0.06325910931174089 0.023972602739726026
57 0.5665485829959515 0.4509845890410959 0.07034412955465587 0.026113013698630137
5 0.5678137651821862 0.03724315068493151 0.06477732793522267 0.01797945205479452
31 0.5759109311740891 0.16502568493150685 0.07186234817813765 0.02011986301369863
107 0.6105769230769231 0.6476883561643836 0.09564777327935223 0.030821917808219176
135 0.6206983805668016 0.8433219178082192 0.10374493927125505 0.031678082191780824
23 0.6186740890688259 0.1211472602739726 0.0652834008097166 0.019691780821917807
15 0.6609311740890689 0.07876712328767123 0.11032388663967611 0.019691780821917807
58 0.65334008097166 0.3426797945205479 0.07995951417004049 0.03296232876712329
41 0.6627024291497976 0.20826198630136986 0.07844129554655871 0.03809931506849315
32 0.6589068825910931 0.16138698630136986 0.06983805668016195 0.01797945205479452
6 0.6740890688259109 0.033818493150684935 0.09109311740890688 0.02054794520547945
127 0.6761133603238867 0.784888698630137 0.08704453441295547 0.03210616438356165
100 0.7092611336032388 0.587970890410959 0.11993927125506072 0.025256849315068493
93 0.7320344129554656 0.5430222602739726 0.1341093117408907 0.026113013698630137
121 0.7236842105263158 0.7392979452054794 0.08805668016194332 0.032534246575342464
24 0.7160931174089069 0.11943493150684932 0.057692307692307696 0.02226027397260274
84 0.7340587044534413 0.4935787671232877 0.07439271255060728 0.026541095890410957
115 0.8018724696356275 0.6823630136986302 0.1867408906882591 0.030821917808219176
52 0.7535425101214575 0.2519263698630137 0.08299595141700405 0.02011986301369863
33 0.8038967611336032 0.15346746575342465 0.1492914979757085 0.033818493150684935
16 0.7836538461538461 0.0779109589041096 0.09261133603238866 0.02482876712328767
7 0.7811234817813765 0.029537671232876712 0.07439271255060728 0.01797945205479452
128 0.8205971659919028 0.7836044520547946 0.09564777327935223 0.023544520547945206
60 0.8076923076923077 0.4398544520547945 0.048582995951417005 0.02440068493150685
25 0.8580465587044535 0.1113013698630137 0.14524291497975708 0.023972602739726026
122 0.8562753036437247 0.7268835616438356 0.11437246963562753 0.03424657534246575
109 0.8653846153846154 0.6427654109589042 0.12955465587044535 0.03125
85 0.8785425101214575 0.4835188356164384 0.12044534412955465 0.03210616438356165
94 0.8775303643724697 0.5306078767123288 0.11842105263157894 0.025256849315068493
137 0.8507085020242915 0.835402397260274 0.058704453441295545 0.033818493150684935
101 0.8565283400809717 0.5856164383561644 0.06427125506072874 0.0273972602739726
43 0.8588056680161943 0.19991438356164384 0.06477732793522267 0.031678082191780824
17 0.8917004048582996 0.07106164383561644 0.11032388663967611 0.02482876712328767
77 0.9240890688259109 0.4289383561643836 0.14271255060728744 0.0273972602739726
60 0.9086538461538461 0.335402397260274 0.08350202429149797 0.02696917808219178
129 0.9256072874493927 0.7769691780821918 0.07995951417004049 0.029965753424657533
102 0.9139676113360324 0.5691352739726028 0.027327935222672066 0.03296232876712329
34 0.9362348178137652 0.14961472602739725 0.06578947368421052 0.020976027397260275
138 0.9281376518218624 0.8383989726027398 0.0465587044534413 0.02440068493150685
44 0.944838056680162 0.19820205479452055 0.07692307692307693 0.019691780821917807
8 0.8977341194020053 0.02784237213367594 0.11929643933884246 0.030938063777765153
54 0.2431331445683576 0.3674244531229554 0.12541420545878296 0.04125075170368683
29 0.3680375361838122 0.17737634705954086 0.10196276866567718 0.03241130491003968
42 0.7605941955466695 0.20905103140344328 0.08157021493254173 0.033884546042314216
50 0.5750219565751369 0.26945391782669903 0.10196276866567712 0.05156343962960861
51 0.6632197514709479 0.252511644805542 0.05811877813943597 0.03830426943913784
59 0.7825161908097901 0.3364863893451902 0.13357122695203708 0.053036680761883115
65 0.5281190829889255 0.4035188608636814 0.09992351329236372 0.04567047510051045
66 0.646395894641111 0.3946794140700343 0.09992351329236361 0.039777510571412336
67 0.7728297277865508 0.3873132084086616 0.09380574717242306 0.039777510571412336
72 0.3405075886440794 0.4690780912498981 0.09788425791905014 0.03830426943913796
75 0.6841221190474115 0.44550623313350557 0.10196276866567724 0.04419723396823596
92 0.5959243241516008 0.5501063535249974 0.0927861194857663 0.04714371623278495
108 0.7412212695001908 0.6385008214614691 0.09176649179910955 0.0383042694391378
112 0.402195063686814 0.7121628780751958 0.1539637806851726 0.04714371623278495
42 0.6356898039312149 0.6974304667524505 0.08666835336582564 0.04714371623278495
120 0.605610982256668 0.7504684248596188 0.12439496793578163 0.041343548760618756
136 0.7340838756935935 0.8366517537523938 0.07749170418591471 0.04567047510051045
133 0.3940380421935599 0.8565405090380998 0.08258984261919854 0.029464822645490638
