0 0.09487666034155598 0.05387501757419312 0.11859582542694497 0.05757713571117801
62 0.09297912713472485 0.4869402985074627 0.09867172675521822 0.030265339966832505
8 0.11385199240986717 0.09742951907131012 0.12903225806451613 0.02902155887230514
97 0.09013282732447818 0.6873963515754561 0.07210626185958255 0.04145936981757877
88 0.10436432637571158 0.6388888888888888 0.0920303605313093 0.04228855721393035
22 0.0989089184060721 0.19112769485903813 0.0801707779886148 0.04145936981757877
128 0.10649905123339659 0.8932421227197347 0.09535104364326376 0.03275290215588723
30 0.09819734345351043 0.24357379767827528 0.0730550284629981 0.02197346600331675
70 0.09653700189753321 0.5373134328358209 0.06783681214421253 0.02570480928689884
39 0.0989089184060721 0.2999585406301824 0.06688804554079697 0.030265339966832505
121 0.11005692599620494 0.843698175787728 0.08444022770398482 0.03648424543946932
79 0.10287920774779569 0.5932835820895522 0.06786966561749719 0.02985074626865671
48 0.1107685009487666 0.36691542288557216 0.07922201138519924 0.04809286898839138
53 0.13780834914611007 0.4419568822553897 0.12001897533206832 0.03399668325041459
137 0.11242884250474383 0.9421641791044776 0.0683111954459203 0.042703150912106136
40 0.19165085388994307 0.29871475953565507 0.1015180265654649 0.035240464344941956
71 0.18927893738140417 0.5366915422885572 0.08918406072106262 0.037728026533996685
138 0.17386148007590133 0.9481757877280266 0.05550284629981025 0.02404643449419569
63 0.1861954459203036 0.48445273631840796 0.07732447817836813 0.03275290215588723
98 0.19117647058823528 0.6807628524046434 0.08064516129032258 0.03814262023217247
23 0.20066413662239088 0.1925787728026534 0.09392789373814042 0.027777777777777776
31 0.19449715370018975 0.24606135986733002 0.0777988614800759 0.03109452736318408
1 0.1890417457305503 0.04871475953565506 0.058349146110056926 0.037728026533996685
129 0.19663187855787476 0.8791459369817579 0.06404174573055028 0.046849087893864015
49 0.22106261859582543 0.35634328358208955 0.10815939278937381 0.04021558872305141
43 0.2073055028462998 0.6316334991708126 0.07400379506641366 0.03275290215588723
122 0.22722960151802657 0.8277363184079602 0.09582542694497154 0.046019900497512436
9 0.21963946869070208 0.0978441127694859 0.05977229601518026 0.028192371475953566
54 0.26992409867172673 0.43656716417910446 0.12333965844402277 0.02570480928689884
16 0.2666034155597723 0.1413764510779436 0.10815939278937381 0.02902155887230514
81 0.2329222011385199 0.5851990049751243 0.03320683111954459 0.022802653399668325
139 0.25972485768500947 0.9429933665008292 0.0706831119544592 0.036898839137645106
2 0.2642314990512334 0.05327529021558872 0.07495256166982922 0.028606965174129355
107 0.27490512333965844 0.7354892205638475 0.075426944971537 0.03399668325041459
115 0.33040796963946867 0.7705223880597015 0.1769449715370019 0.04187396351575456
130 0.27727703984819735 0.8834991708126037 0.06878557874762808 0.03067993366500829
32 0.2839184060721063 0.2439883913764511 0.07447817836812144 0.031923714759535655
99 0.31404174573055027 0.6809701492537313 0.13377609108159394 0.02943615257048093
72 0.29506641366223907 0.5344112769485904 0.0920303605313093 0.02321724709784411
64 0.33040796963946867 0.48196517412935325 0.15891840607210625 0.03855721393034826
41 0.31166982922201136 0.28897180762852404 0.09962049335863378 0.03565505804311774
24 0.30099620493358636 0.1896766169154229 0.075426944971537 0.027777777777777776
90 0.30052182163187857 0.6320480928689884 0.07258064516129033 0.038122402817002486
10 0.31451612903225806 0.09494195688225539 0.09962049335863378 0.02570480928689884
82 0.31427893738140417 0.5847844112769486 0.09250474383301707 0.02943615257048093
123 0.34321631878557873 0.8219320066334992 0.07922201138519924 0.044361525704809286
131 0.3752371916508539 0.8776948590381426 0.0967741935483871 0.03565505804311774
140 0.3726280834914611 0.9413349917081261 0.08776091081593927 0.041044776119402986
17 0.3908918406072106 0.13971807628524047 0.11764705882352941 0.028192371475953566
108 0.3761859582542694 0.7259535655058044 0.07400379506641366 0.03067993366500829
55 0.3759487666034156 0.43718905472636815 0.0706831119544592 0.03109452736318408
33 0.4108159392789374 0.24170812603648426 0.13282732447817835 0.0439469320066335
91 0.3873339658444023 0.6285240464344942 0.07637571157495256 0.04311774461028192
25 0.4307400379506641 0.18511608623548922 0.14990512333965844 0.042703150912106136
42 0.40702087286527516 0.3012023217247098 0.07590132827324478 0.03855721393034826
83 0.45801707779886147 0.5762852404643449 0.15702087286527514 0.04228855721393035
73 0.4240986717267552 0.5275704809286899 0.08064516129032258 0.03855721393034826
11 0.4338235294117647 0.09266169154228855 0.09345351043643264 0.043532338308457715
119 0.46086337760910817 0.8250414593698175 0.13519924098671726 0.03648424543946932
100 0.4487666034155598 0.6772388059701493 0.09392789373814042 0.02943615257048093
51 0.45872865275142316 0.3571724709784411 0.07685009487666034 0.034411276948590384
56 0.4672675521821632 0.43097014925373134 0.0825426944971537 0.03855721393034826
65 0.48908918406072105 0.48507462686567165 0.12333965844402277 0.03565505804311774
132 0.4781783681214421 0.8720978441127695 0.09867172675521822 0.030265339966832505
116 0.4601518026565465 0.7705223880597015 0.06072106261859583 0.0269485903814262
109 0.48956356736242884 0.7249170812603648 0.1062618595825427 0.035240464344941956
92 0.49478178368121445 0.6245854063018242 0.1015180265654649 0.0236318407960199
43 0.4973908918406072 0.2837893864013267 0.07352941176470588 0.034411276948590384
57 0.5151802656546489 0.5329601990049752 0.07685009487666034 0.028606965174129355
4 0.5189753320683111 0.047470978441127694 0.07874762808349146 0.034411276948590384
18 0.5464895635673624 0.13764510779436154 0.10531309297912714 0.03067993366500829
117 0.5699252843197867 0.7651326699834162 0.13922393128047472 0.025290215588723047
101 0.5396110056925996 0.6745439469320066 0.07163187855787476 0.02902155887230514
52 0.5438804554079696 0.3513681592039801 0.0706831119544592 0.034411276948590384
12 0.5664136622390892 0.08374792703150911 0.10910815939278938 0.03482587064676617
57 0.5486242884250474 0.4317993366500829 0.07258064516129033 0.02529021558872305
26 0.5526565464895635 0.18470149253731344 0.07685009487666034 0.022802653399668325
34 0.5512333965844403 0.24481757877280266 0.06736242884250475 0.035240464344941956
125 0.6202561669829222 0.8190298507462687 0.1627134724857685 0.044361525704809286
44 0.5879981024667932 0.29145936981757875 0.07258064516129033 0.03150912106135987
110 0.588518738450612 0.7121389943340476 0.06546489563567365 0.04295846511549565
84 0.6008064516129032 0.578150912106136 0.09345351043643264 0.031923714759535655
93 0.6195445920303605 0.6279021558872305 0.12903225806451613 0.033582089552238806
5 0.611954459203036 0.0406301824212272 0.09108159392789374 0.020729684908789386
66 0.6245256166982922 0.480514096185738 0.10483870967741936 0.02736318407960199
75 0.61646110056926 0.5250829187396352 0.08681214421252371 0.022802653399668325
102 0.6107685009487666 0.6648009950248757 0.03937381404174573 0.036069651741293535
58 0.6458728652751423 0.4295190713101161 0.09250474383301707 0.03897180762852405
19 0.6375711574952562 0.13308457711442787 0.06451612903225806 0.03565505804311774
35 0.6475332068311196 0.22844112769485903 0.08159392789373814 0.03648424543946932
27 0.6748102466793169 0.17765339966832505 0.10483870967741936 0.03855721393034826
111 0.6928368121442126 0.7160033167495854 0.12760910815939278 0.03316749585406302
13 0.6914136622390892 0.08996683250414594 0.10673624288425047 0.02902155887230514
45 0.7032732447817837 0.28441127694859036 0.11527514231499052 0.05223880597014925
134 0.6861954459203036 0.8745854063018242 0.07352941176470588 0.04767827529021559
118 0.6942599620493358 0.7669983416252073 0.058349146110056926 0.03067993366500829
6 0.7274667931688804 0.041666666666666664 0.11242884250474383 0.03275290215588723
60 0.7106261859582542 0.523424543946932 0.0635673624288425 0.027777777777777776
85 0.7424098671726755 0.5704809286898839 0.12144212523719165 0.03067993366500829
67 0.7466793168880456 0.4767827529021559 0.1062618595825427 0.02736318407960199
94 0.7400379506641366 0.6198175787728026 0.0920303605313093 0.02570480928689884
20 0.7658918406072106 0.12976782752902155 0.14089184060721063 0.0472636815920398
36 0.7404414728826033 0.22833031175156265 0.0825426944971537 0.038129812096527355
59 0.7680265654648957 0.4224709784411277 0.12808349146110057 0.0439469320066335
28 0.7789373814041746 0.17330016583747926 0.08823529411764706 0.03399668325041459
119 0.7969639468690702 0.7717661691542289 0.11669829222011385 0.037728026533996685
135 0.8050284629981025 0.8698175787728026 0.12239089184060721 0.0472636815920398
104 0.8012333965844403 0.6670812603648425 0.09582542694497154 0.03150912106135987
14 0.8036053130929791 0.08561359867330016 0.08823529411764706 0.0203150912106136
46 0.8092979127134725 0.2839966832504146 0.07495256166982922 0.04311774461028192
112 0.8553130929791272 0.7201492537313433 0.16223908918406071 0.0406301824212272
95 0.831831119544592 0.61712271973466 0.07163187855787476 0.050165837479270316
7 0.847011385199241 0.03275290215588723 0.09629981024667932 0.02404643449419569
37 0.8417931688804554 0.23486733001658375 0.08206831119544591 0.033582089552238806
68 0.8674098671726755 0.46455223880597013 0.10863377609108159 0.0269485903814262
86 0.8666982922201139 0.5677860696517413 0.07400379506641366 0.037728026533996685
29 0.8925029653609273 0.1751215111019518 0.12823167284915293 0.03109452736318408
60 0.87073055028463 0.4166666666666667 0.06404174573055028 0.02736318407960199
21 0.9060721062618596 0.12665837479270314 0.1252371916508539 0.03109452736318408
105 0.900853889943074 0.6648009950248757 0.09297912713472485 0.033582089552238806
47 0.9020398481973435 0.2833747927031509 0.08301707779886149 0.03855721393034826
126 0.9262333965844403 0.7570480928689884 0.11432637571157495 0.03814262023217247
136 0.9155597722960152 0.8714759535655058 0.09297912713472485 0.05140961857379768
96 0.9281309297912713 0.6196102819237148 0.09629981024667932 0.034411276948590384
38 0.9300284629981025 0.22429519071310117 0.0706831119544592 0.02404643449419569
87 0.9442599620493358 0.5727611940298507 0.0849146110056926 0.036069651741293535
61 0.9523244781783681 0.41376451077943616 0.07258064516129033 0.024875621890547265
69 0.9656072106261859 0.46310116086235487 0.06878557874762808 0.03233830845771144
3 0.396342020926257 0.041987372269824144 0.13561048232535075 0.04567047510051047
15 0.12104254552892853 0.13995790756608045 0.12949271620541006 0.03830426943913783
50 0.34689007812340356 0.3572609745765738 0.11011979015893135 0.05156343962960857
77 0.8322328569720271 0.5178442579944976 0.14478713150526162 0.04861695736505944
78 0.95764706243081 0.5171076374283603 0.07749170418591472 0.05009019849733403
103 0.6930536777433777 0.6673782329203627 0.09686463023239344 0.03830426943913788
106 0.141435099262064 0.740303668967952 0.15600303605848614 0.039777510571412454
113 0.0894340872425686 0.7881840057668741 0.07035431037931728 0.04419723396823595
42 0.16743560527181164 0.7852375235023251 0.06933468269266051 0.03830426943913796
126 0.7761533342059045 0.8169122078462275 0.1101197901589314 0.042723992835961455
127 0.8816847997748805 0.8147023461478158 0.08666835336582564 0.038304269439137784
133 0.5849731429577599 0.8684756474758362 0.10502165172564762 0.05156343962960861
141 0.4733239112688433 0.9340348778620527 0.07137393806597404 0.041250751703686785
80 0.16896504680179683 0.5900330734759498 0.060158033512749544 0.02799158151321605
