0 0.09107515657620041 0.021464646464646464 0.14665970772442588 0.031385281385281384
53 0.09525052192066806 0.362012987012987 0.1487473903966597 0.024891774891774892
121 0.0738517745302714 0.8582251082251082 0.0965553235908142 0.03535353535353535
16 0.081419624217119 0.0854978354978355 0.09916492693110647 0.020923520923520924
8 0.08607467710340673 0.05156615053387508 0.11547605562902133 0.024170274170274172
31 0.08350730688935282 0.16197691197691197 0.09916492693110647 0.022366522366522368
39 0.07072025052192067 0.19985569985569984 0.07045929018789145 0.022366522366522368
23 0.09159707724425888 0.12824675324675325 0.10281837160751565 0.0284992784992785
66 0.10255741127348643 0.4597763347763348 0.12473903966597077 0.022727272727272728
59 0.11403966597077245 0.41035353535353536 0.1372651356993737 0.04292929292929293
81 0.06419624217118998 0.5573593073593074 0.03653444676409186 0.021645021645021644
127 0.09551148225469729 0.8971861471861472 0.09812108559498957 0.03535353535353535
135 0.12239039665970772 0.952020202020202 0.1403966597077244 0.0367965367965368
43 0.10203549060542798 0.5979437229437229 0.0975991649269311 0.031385281385281384
96 0.10777661795407098 0.6498917748917749 0.10908141962421712 0.024891774891774892
103 0.11600016688255196 0.7036589315504895 0.12237071390377706 0.037839474569699105
73 0.0983820459290188 0.5034271284271284 0.08820459290187892 0.03427128427128427
115 0.16727557411273486 0.7974386724386724 0.21450939457202506 0.03499278499278499
82 0.17745302713987474 0.5606060606060606 0.13569937369519833 0.023088023088023088
48 0.16962421711899792 0.25721500721500723 0.09081419624217119 0.045454545454545456
40 0.20746346555323592 0.20634920634920634 0.13100208768267224 0.025974025974025976
122 0.19650313152400836 0.8488455988455988 0.10908141962421712 0.03968253968253968
32 0.19363256784968685 0.17045454545454544 0.08768267223382047 0.022727272727272728
24 0.200678496868476 0.12987012987012986 0.0965553235908142 0.021645021645021644
17 0.223643006263048 0.09163059163059163 0.13413361169102297 0.025974025974025976
57 0.19337160751565763 0.5070346320346321 0.07359081419624217 0.022005772005772004
109 0.23277661795407098 0.751984126984127 0.12943632567849686 0.029942279942279944
90 0.22207724425887265 0.5992063492063492 0.09237995824634655 0.020202020202020204
97 0.23434237995824633 0.6468253968253969 0.11169102296450939 0.03607503607503607
1 0.2132045929018789 0.020923520923520924 0.05375782881002088 0.026695526695526696
67 0.2512530779257301 0.4522801892640516 0.10257676811250085 0.02311045399654889
60 0.23982254697286012 0.4096320346320346 0.07881002087682672 0.024891774891774892
54 0.27218162839248433 0.35948773448773447 0.14144050104384134 0.01984126984126984
104 0.26383089770354906 0.7045454545454546 0.10281837160751565 0.027417027417027416
136 0.2731918039820251 0.9605996005123209 0.10356088579331281 0.0383674402050769
128 0.27244258872651356 0.9071067821067821 0.09498956158663883 0.023448773448773448
49 0.30193110647181626 0.24765512265512266 0.12578288100208768 0.03282828282828283
33 0.3431628392484342 0.1682900432900433 0.18006263048016702 0.03571428571428571
75 0.30454070981210857 0.5018037518037518 0.09446764091858037 0.023809523809523808
2 0.30323590814196244 0.025613275613275612 0.08872651356993737 0.01948051948051948
10 0.3332463465553236 0.056998556998557 0.11012526096033402 0.018037518037518036
83 0.36643889147332537 0.5541947436159538 0.16962421711899792 0.039421509275258004
25 0.35360125260960334 0.134018759018759 0.13204592901878914 0.03354978354978355
123 0.3342901878914405 0.8466810966810967 0.09342379958246347 0.04040404040404041
116 0.3322025052192067 0.8091630591630592 0.08298538622129437 0.025974025974025976
41 0.34994780793319413 0.20454545454545456 0.11430062630480167 0.0367965367965368
61 0.3452505219206681 0.40440115440115443 0.0965553235908142 0.01875901875901876
98 0.3671711899791232 0.6443001443001443 0.11221294363256785 0.03391053391053391
18 0.37447807933194155 0.09505772005772006 0.11534446764091857 0.025613275613275612
110 0.3637150940046968 0.7491970772721579 0.07985386221294363 0.048030561165449306
129 0.3778705636743215 0.900974025974026 0.08768267223382047 0.0386002886002886
68 0.40971518699108267 0.4494949494949494 0.13521678921016478 0.05557172203489397
105 0.3940501043841336 0.7016594516594516 0.11064718162839249 0.02813852813852814
137 0.39822546972860123 0.9491341991341992 0.07306889352818371 0.03751803751803752
55 0.40866388308977036 0.3605699855699856 0.08559498956158663 0.027056277056277056
60 0.4123173277661795 0.5001803751803752 0.07933194154488518 0.022005772005772004
3 0.44363256784968685 0.026334776334776336 0.13465553235908143 0.03463203463203463
50 0.4437008298641188 0.2561865811800502 0.1371414440868092 0.03354173136872853
117 0.45981210855949894 0.8165584415584416 0.1440501043841336 0.032106782106782104
119 0.47207724425887265 0.8582251082251082 0.13204592901878914 0.03391053391053391
11 0.4720425301508208 0.05760063962484618 0.10544027948484497 0.032106782106782104
62 0.46440822653130803 0.4006627522002924 0.09575337943382281 0.02569084856431164
92 0.4762526096033403 0.59992784992785 0.11534446764091857 0.020202020202020204
42 0.46245479369360526 0.21821242177155228 0.09055480612149018 0.025252525252525252
111 0.5049582463465553 0.7602813852813853 0.15292275574112735 0.026334776334776336
26 0.47990605427974947 0.1387085137085137 0.09237995824634655 0.017676767676767676
99 0.5430584551148225 0.6462842712842712 0.1779749478079332 0.021284271284271284
130 0.4968684759916493 0.9137806637806638 0.07828810020876827 0.025974025974025976
19 0.4963465553235908 0.09848484848484848 0.07411273486430063 0.02813852813852814
34 0.49660751565762007 0.17766955266955267 0.06210855949895616 0.01911976911976912
56 0.5200939457202505 0.3474025974025974 0.10490605427974947 0.03968253968253968
138 0.5112212943632568 0.9579725829725829 0.06732776617954071 0.021284271284271284
106 0.5619453062525854 0.7023974445766246 0.17692463009040318 0.025668532253931082
84 0.5328810020876826 0.553030303030303 0.0918580375782881 0.021645021645021644
77 0.5639352818371608 0.4936868686868687 0.1383089770354906 0.030663780663780664
69 0.5362734864300627 0.4422799422799423 0.07359081419624217 0.022366522366522368
51 0.5508872651356994 0.25811688311688313 0.05897703549060543 0.020562770562770564
4 0.5592379958246346 0.030303030303030304 0.07150313152400835 0.01875901875901876
43 0.5725469728601252 0.215007215007215 0.09081419624217119 0.030303030303030304
35 0.5897703549060542 0.17027417027417027 0.11064718162839249 0.032467532467532464
20 0.6252609603340292 0.09974747474747475 0.15031315240083507 0.03787878787878788
27 0.6038622129436325 0.13690476190476192 0.10751565762004175 0.02922077922077922
63 0.5882045929018789 0.40494227994227994 0.0720250521920668 0.023448773448773448
12 0.6114300626304802 0.06511544011544011 0.08820459290187892 0.029942279942279944
93 0.6435281837160751 0.6044372294372294 0.14613778705636743 0.024891774891774892
131 0.6179540709812108 0.9197330447330447 0.09498956158663883 0.0284992784992785
139 0.6242171189979123 0.9657287157287158 0.10020876826722339 0.025974025974025976
57 0.6260438413361169 0.3528138528138528 0.075678496868476 0.020202020202020204
118 0.6210855949895616 0.8165584415584416 0.05010438413361169 0.022005772005772004
5 0.6396137787056367 0.030663780663780664 0.07254697286012526 0.016594516594516596
52 0.6338726513569938 0.25793650793650796 0.061064718162839246 0.01875901875901876
70 0.6390918580375783 0.43722943722943725 0.0662839248434238 0.01948051948051948
85 0.6821503131524008 0.5508658008658008 0.12526096033402923 0.025252525252525252
44 0.6589248434237995 0.21843434343434343 0.05897703549060543 0.01911976911976912
125 0.7123254217315351 0.8631225953269427 0.17057326118159574 0.05358252599222426
36 0.7215553235908142 0.1774891774891775 0.12578288100208768 0.027417027417027416
64 0.740866388308977 0.3939393939393939 0.16231732776617955 0.03968253968253968
13 0.7084215638722091 0.06559560857140202 0.08233449931184872 0.019078829910478583
100 0.7312108559498957 0.6534992784992785 0.1315240083507307 0.027777777777777776
28 0.7147703549060542 0.13816738816738816 0.08194154488517745 0.023809523809523808
78 0.7158141962421712 0.487012987012987 0.08298538622129437 0.022366522366522368
6 0.7479123173277662 0.032467532467532464 0.12108559498956159 0.022366522366522368
119 0.7651356993736952 0.8248556998556998 0.1524008350730689 0.029942279942279944
112 0.7091097156320569 0.7595325273281796 0.18219874617626922 0.04658856908414376
107 0.7189706289351986 0.7000360750360749 0.08296012800542066 0.026019015814712797
140 0.7466075156576201 0.9758297258297258 0.09864300626304802 0.03535353535353535
132 0.7343423799582464 0.9237012987012987 0.0720250521920668 0.030663780663780664
45 0.7727035490605428 0.2141053391053391 0.13413361169102297 0.03787878787878788
71 0.7564876152961706 0.4336785766948058 0.1013668878855446 0.024170274170274172
21 0.7917536534446764 0.10119047619047619 0.1325678496868476 0.02922077922077922
94 0.7907098121085595 0.6037157287157288 0.10647181628392484 0.023448773448773448
86 0.8016701461377871 0.5411255411255411 0.0720250521920668 0.03391053391053391
14 0.8123695198329853 0.06854256854256854 0.08298538622129437 0.015151515151515152
79 0.8262004175365344 0.48502886002886003 0.10751565762004175 0.023448773448773448
29 0.8489039665970772 0.14484126984126985 0.1278705636743215 0.027056277056277056
37 0.8340292275574113 0.18001443001443002 0.07411273486430063 0.020202020202020204
133 0.8344553052147989 0.9188965361513658 0.10334976291276712 0.0419935047230284
108 0.852329532733271 0.7091936627527932 0.0885611413907129 0.025974025974025976
141 0.8520354906054279 0.9770923520923521 0.08298538622129437 0.030663780663780664
7 0.8541231732776617 0.030844155844155844 0.075678496868476 0.016233766233766232
113 0.8578091869832906 0.7691857379024584 0.06796475030475699 0.04032288907046522
126 0.8911795407098121 0.8706709956709957 0.1372651356993737 0.03499278499278499
101 0.8674321503131524 0.6545815295815296 0.07620041753653445 0.025613275613275612
72 0.8940501043841336 0.43506493506493504 0.10438413361169102 0.022366522366522368
58 0.8961377870563675 0.3436147186147186 0.10542797494780794 0.03571428571428571
87 0.8856993736951984 0.549963924963925 0.05845511482254697 0.044372294372294376
120 0.910490605427975 0.8306277056277056 0.1069937369519833 0.04365079365079365
65 0.9180584551148225 0.3968253968253968 0.11586638830897704 0.023809523809523808
15 0.9266701461377871 0.06926406926406926 0.1299582463465553 0.020923520923520924
46 0.8876702705371389 0.2166648168252249 0.07478129498916522 0.030303030303030304
95 0.9047494780793319 0.5981240981240982 0.08298538622129437 0.04401154401154401
22 0.9133611691022965 0.10046897546897547 0.0824634655532359 0.02922077922077922
38 0.9266701461377871 0.17676767676767677 0.0975991649269311 0.01875901875901876
80 0.9365866388308977 0.4823232323232323 0.087160751565762 0.023088023088023088
134 0.93241127348643 0.9283910533910534 0.06002087682672234 0.03715728715728716
88 0.9605949895615866 0.5425685425685426 0.07881002087682672 0.03463203463203463
30 0.964509394572025 0.1405122655122655 0.0709812108559499 0.0183982683982684
102 0.9530271398747391 0.6477272727272727 0.03444676409185804 0.03427128427128427
9 0.18453034682237715 0.054611815770544934 0.07505243387626166 0.030172445454855545
47 0.9618523142314117 0.21500469001727085 0.06616589274215176 0.04143942258051167
91 0.33717807696638674 0.5940476442308866 0.08650143395487961 0.03636064527670783
42 0.9420718465935145 0.7671028122361403 0.06689205141384492 0.057550979875255065
