34 0.04979253112033195 0.24919224555735042 0.06327800829875518 0.04392396700779836
77 0.08687759336099583 0.5706785137318254 0.13226141078838174 0.05231131105706272
101 0.06224066390041494 0.7255654281098546 0.07157676348547717 0.02382875605815832
18 0.0783195020746888 0.15407915993537963 0.10269709543568464 0.04655042691448022
62 0.0741701244813278 0.4620355411954766 0.09439834024896265 0.054050074716594815
68 0.0845435684647303 0.5189822294022617 0.11514522821576763 0.04616966565596604
10 0.07780082987551867 0.10521001615508885 0.0975103734439834 0.0433986645735189
26 0.06483402489626557 0.20173667205169626 0.07157676348547717 0.056673115370771264
84 0.06785640444531592 0.6271018860368172 0.07883817427385892 0.0422537212619196
110 0.05565798292649193 0.7702763609964296 0.05809128630705395 0.05777704929298315
0 0.08699232212953645 0.06348912709385787 0.11151452282157677 0.04180862598694414
53 0.08687759336099585 0.4109450726978998 0.10632780082987552 0.05024394151449335
93 0.09154564315352696 0.6779079159935378 0.11358921161825726 0.04366647195588853
43 0.07131742738589211 0.2966478190630048 0.058609958506224066 0.06304547054163026
118 0.06759706834573087 0.829444373920501 0.052385892116182574 0.042238870791621266
126 0.08609958506224066 0.8820678513731823 0.08506224066390042 0.047135095773524864
135 0.11281120331950208 0.9357835218093697 0.11151452282157677 0.056949026000194095
111 0.1716804979253112 0.7782714054927301 0.12655601659751037 0.04899712292559608
102 0.13511410788381742 0.720113085621971 0.044087136929460584 0.02988691437802908
35 0.1579356846473029 0.24596122778675278 0.0845435684647303 0.050396721498087854
119 0.1849066390041494 0.8344103392568657 0.1312240663900415 0.046533071707851
63 0.1698651452282158 0.4721324717285944 0.07935684647302904 0.04169427859698977
27 0.17116182572614108 0.1995153473344103 0.08091286307053942 0.049061155559913756
44 0.1691343571213405 0.3063971584075201 0.07181110777168347 0.0515279825664028
11 0.18962966044021337 0.10646215957399134 0.10425311203319503 0.052662016080546194
127 0.19217767463085722 0.8816639741518575 0.09024896265560166 0.04794521507468713
19 0.1846825937406352 0.15873216728826392 0.06535269709543569 0.043926042763641635
1 0.18568464730290457 0.05936995153473344 0.05705394190871369 0.030694668820678513
85 0.2092842323651452 0.6344911147011308 0.10114107883817428 0.04524865568059232
69 0.20404641765819986 0.5261063668081665 0.07676348547717843 0.038370560688071424
103 0.21239626556016597 0.7318255250403877 0.08661825726141079 0.02988691437802908
94 0.2100622406639004 0.6809369951534733 0.07987551867219916 0.04828196702783772
54 0.2326244813278008 0.4129644588045234 0.12396265560165975 0.042247018416651516
78 0.22147302904564314 0.5821890145395798 0.07157676348547717 0.047028683714021115
136 0.23988589211618258 0.9369951534733441 0.09180497925311204 0.04740533506116694
45 0.2691908713692946 0.30290791599353795 0.10269709543568464 0.04660737090368292
2 0.2536856770377238 0.06433739329143566 0.07261410788381743 0.04374558125852171
20 0.2920124481327801 0.15367528271405492 0.12448132780082988 0.053805786814146335
28 0.28407521447613143 0.20234248788368325 0.08558091286307054 0.055212278204370836
70 0.2899377593360996 0.5284733441033925 0.07572614107883817 0.05146185791928505
95 0.2920124481327801 0.6730613893376413 0.07572614107883817 0.06061943563030054
79 0.2995331950207469 0.581179321486268 0.07313278008298756 0.0417414826344429
120 0.3137966804979253 0.8261308562197092 0.09647302904564317 0.05230910277975796
64 0.34647302904564314 0.4697092084006462 0.15352697095435686 0.05444053885933327
12 0.31353734439834036 0.1050080775444265 0.07728215767634855 0.046946007504594704
104 0.32935684647302904 0.7320274636510501 0.08091286307053942 0.02948303715670436
128 0.319841439596026 0.8832837942519791 0.06639004149377593 0.05182190587361734
86 0.3368775933609959 0.6268174474959611 0.08869294605809129 0.05020476221553046
137 0.324948132780083 0.9325525040387722 0.057572614107883814 0.04590541855325553
55 0.34439834024896265 0.4174071082390952 0.06742738589211618 0.041208305882948215
112 0.33584327906369127 0.780088852988691 0.14068368992691424 0.05573942863689431
37 0.36436721991701243 0.26534733441033925 0.08973029045643155 0.04301992924500428
3 0.3848547717842324 0.05916801292407108 0.12344398340248963 0.056108473594790535
46 0.38200207468879666 0.31179321486268174 0.0762448132780083 0.036348949919224556
80 0.38848547717842324 0.5842084006462035 0.08713692946058091 0.042981956917714545
71 0.3787203590401612 0.5306534188555813 0.05186721991701245 0.05065182319132741
138 0.38718879668049794 0.9402261712439415 0.05446058091286307 0.037687745635429266
96 0.3985995850622407 0.6851777059773828 0.07624481327800828 0.05046437397466415
29 0.41545643153526973 0.2193053311793215 0.10477178423236515 0.052823273294522424
129 0.40430497925311204 0.8838852988691436 0.08143153526970955 0.05059400178586033
13 0.399896265560166 0.11328756058158318 0.07157676348547717 0.04761425843963355
121 0.4174414666859798 0.8352180936995152 0.08609958506224066 0.04874071756512575
21 0.4367219917012448 0.1591276252019386 0.11825726141078838 0.04609434621902812
56 0.4307572614107884 0.4117528271405493 0.09387966804979253 0.06436878741841708
105 0.42323651452282157 0.7318255250403877 0.07261410788381743 0.029079159935379646
87 0.4225481598700368 0.6391357027463648 0.05549792531120332 0.0561270643846186
47 0.4642116182572614 0.3233037156704362 0.07987551867219916 0.031098546042003232
139 0.4758817427385892 0.9446688206785135 0.09076763485477178 0.04653772079057682
38 0.4675829875518672 0.2671647819063004 0.0700207468879668 0.04684336741976199
65 0.5005186721991701 0.48121970920840046 0.1358921161825726 0.047100551357723154
113 0.46556123500929314 0.7784901827186925 0.0637966804979253 0.04809525432158578
72 0.48781120331950206 0.5367528271405492 0.09699170124481328 0.05622930337325823
81 0.45695020746887965 0.5815831987075929 0.025933609958506226 0.04093231865203152
14 0.4922199170124482 0.11207592891760902 0.09336099585062241 0.04421715307697645
97 0.504408713692946 0.6793214862681743 0.08350622406639004 0.05152263069633817
88 0.5023340248962656 0.632875605815832 0.0762448132780083 0.045234248788368334
130 0.49507261410788383 0.8939822294022616 0.05549792531120332 0.03747359675668095
4 0.5031120331950207 0.06704361873990305 0.06327800829875518 0.046151028513387815
122 0.5238589211618258 0.8307754442649433 0.10062240663900415 0.05738907210368607
30 0.5140041493775933 0.22092084006462032 0.06639004149377593 0.05338687967912754
57 0.524896265560166 0.42548465266558955 0.07883817427385892 0.05258170875417456
82 0.5561447505096487 0.5866316639741512 0.13240957132776487 0.05261865695399538
22 0.5552385892116183 0.16922455573505651 0.0700207468879668 0.048533595310836966
48 0.5671680497925311 0.32451534733441034 0.08350622406639004 0.04639097387595664
39 0.5546610792504756 0.27307728764823097 0.05912863070539419 0.047215956965284994
131 0.5837655601659751 0.8919628432956381 0.09284232365145229 0.04511291786085843
5 0.5806535269709544 0.06300484652665589 0.06587136929460581 0.04258505058022923
140 0.5850622406639004 0.9438610662358641 0.07157676348547717 0.04431063450255256
15 0.6230400399718601 0.11950714575718792 0.13692946058091288 0.04972651309927479
98 0.6138485477178424 0.6807350565428109 0.11358921161825726 0.04540376330386327
43 0.6026970954356847 0.6350969305331179 0.07780082987551867 0.058278441055825
31 0.5985477178423235 0.2312197092084006 0.056016597510373446 0.05241729006944621
73 0.6203319502074689 0.5363489499192245 0.0954356846473029 0.03877221324717286
58 0.6195539419087138 0.41579159935379634 0.09180497925311204 0.05627323749790304
66 0.6395228215767634 0.48525848142164774 0.10580912863070539 0.05475244869476963
123 0.6286307053941909 0.8319870759289174 0.061203319502074686 0.05139462072164812
40 0.6709024896265559 0.28352180936995147 0.12188796680497925 0.042001912565857225
6 0.674533195020747 0.06514514773408507 0.09802904564315353 0.0470422447639008
49 0.679201244813278 0.32915993537964455 0.10632780082987552 0.05678963834305025
107 0.6812855584482845 0.7380856219709206 0.08195020746887967 0.04022267385577356
132 0.6755705394190872 0.8953957996768981 0.07105809128630705 0.03853593554392157
141 0.6727178423236515 0.9481017770597735 0.05705394190871369 0.04676816062859165
23 0.6880010267811346 0.17932148626817443 0.07935684647302904 0.04104483681671742
115 0.733652200887815 0.7832373708290948 0.1607883817427386 0.05331812117576196
90 0.7025414937759336 0.6449919224555734 0.060684647302904564 0.045562529875482954
119 0.7359958506224067 0.8430936995153472 0.1161825726141079 0.04353272483066731
57 0.7264004149377593 0.54624394184168 0.08765560165975103 0.047881394363757275
32 0.683492282982279 0.22960420032310155 0.08974853062472797 0.0477717970052099
59 0.7424792531120332 0.42609046849757665 0.10425311203319503 0.05514635717603094
99 0.7562240663900415 0.6954765751211631 0.11514522821576763 0.051427457492970195
67 0.7440352697095436 0.48990306946688206 0.08350622406639004 0.04148784715068725
16 0.7543489565679383 0.125928669543455 0.0845435684647303 0.0455974031983636
133 0.7686721991701245 0.8921647819063003 0.0912863070539419 0.04840043487973968
24 0.7753599661158034 0.182269541918253 0.07780082987551867 0.04596012192235987
7 0.7743775933609959 0.06764943457189014 0.06639004149377593 0.04814430017520429
33 0.8161307053941909 0.2310177705977383 0.14678423236514523 0.049170388407307274
50 0.8031639004149378 0.3380452342487883 0.11255186721991702 0.04683587599328575
41 0.7943464730290456 0.28372374798061384 0.09180497925311204 0.053560923061646136
91 0.7951244813278008 0.6443861066235862 0.07572614107883817 0.05746492621976055
108 0.7943464730290456 0.7449515347334409 0.06775776098486613 0.035952385966407714
75 0.8122406639004149 0.5464458804523424 0.06535269709543569 0.04747624139293534
60 0.8324688796680498 0.43881260096930524 0.06950207468879668 0.041588091780287946
83 0.8830394190871369 0.6048061389337641 0.15300829875518673 0.04810110649308579
125 0.8730949936569342 0.8399039317098463 0.13433609958506224 0.05002066188352977
25 0.8788900414937759 0.18800484652665586 0.12811203319502074 0.05194805480306337
17 0.8752082433843407 0.12592032650809395 0.1161825726141079 0.0644613859817854
8 0.8783713692946058 0.0716882067851373 0.11255186721991702 0.04795997934945085
100 0.8791493775933608 0.7015347334410339 0.1037344398340249 0.04643040434844085
116 0.8497608048963495 0.7846140023534567 0.043315273424833746 0.04765087234049951
134 0.862292531120332 0.8962035541195474 0.06690871369294606 0.05084644852530875
42 0.8695655594788065 0.2899507643986512 0.07159010507647688 0.0608911787231811
109 0.8936721991701245 0.7473747980613891 0.1078838174273859 0.042786770886847084
60 0.8835580912863071 0.5510904684975766 0.061721991701244816 0.03814768935398697
92 0.8985995850622408 0.6502423263327947 0.09180497925311204 0.04215236446222931
51 0.8973029045643154 0.3489499192245557 0.06535269709543569 0.040714119026610325
61 0.9105290456431535 0.4384087237479805 0.07105809128630705 0.046343188384087707
9 0.9735477178423236 0.07835218093699516 0.052904564315352696 0.0619138471581857
36 0.2580736271803081 0.2544255468781464 0.09604768974615065 0.04555530290801995
106 0.5528990005477586 0.7334262990669078 0.15551748815886102 0.046294107058212776
42 0.5438830161932737 0.7778312373385123 0.08562969705659938 0.049582611666627065
117 0.9347860042445263 0.7885730048387615 0.1216842694274921 0.044318207763591994
