53 0.08534816247582205 0.40281030444964877 0.10976789168278529 0.0368991594481655
57 0.070357833655706 0.5161007025761124 0.07688588007736943 0.026346604215456676
84 0.07896667343910756 0.574346430998873 0.06479690522243714 0.03571428571428571
105 0.07571852058030076 0.701112412177986 0.08989598859031821 0.027517564402810304
44 0.06552224371373308 0.2930327868852459 0.05657640232108317 0.026346604215456676
95 0.09429400386847195 0.6261709601873536 0.11218568665377177 0.04742388758782201
11 0.08051257253384914 0.12792740046838408 0.08172147001934237 0.049765807962529274
134 0.0788201160541586 0.8785128805620609 0.07640232108317214 0.04274004683840749
32 0.070357833655706 0.24443793911007025 0.05851063829787234 0.03454332552693208
119 0.0998745268704902 0.8266978922716628 0.10280549529426693 0.029274004683840758
42 0.08185705569445373 0.7617191427716189 0.07149439144915166 0.03454332552693208
0 0.0932230409090159 0.07514832395472829 0.10299129983737619 0.051874812268440706
64 0.09997209783356567 0.4543802571836209 0.12373192096309689 0.04156908665105386
33 0.17142166344294005 0.2464871194379391 0.11170212765957446 0.05737704918032787
75 0.160017663516342 0.5266393442622951 0.06203052301839652 0.026346604215456676
45 0.1514491872959021 0.297442969383987 0.08805092461966453 0.042154566744730684
135 0.1690038684719536 0.8796838407494145 0.08365570599613152 0.049765807962529274
12 0.1717574906267254 0.1332158031076404 0.060946827327674855 0.04039812646370024
85 0.18713733075435204 0.5810889929742389 0.09187620889748549 0.027517564402810304
54 0.20646871881240605 0.4136416861826698 0.10163707940408732 0.028688524590163935
115 0.1939291000927893 0.7614359436228633 0.1342494402688624 0.036885245901639344
1 0.18496131528046422 0.08343091334894613 0.05270793036750483 0.036885245901639344
96 0.1965667311411992 0.640807962529274 0.07011605415860735 0.025175644028103045
125 0.23597678916827847 0.8255555547785566 0.13346228239845262 0.05182834647004283
65 0.2261578774739208 0.46955503512880564 0.09694659926212647 0.03161592505854801
106 0.19246862582582272 0.7066840139659983 0.12113015853152082 0.02400468384074942
46 0.24153771760154738 0.30327868852459017 0.06334622823984526 0.04800936768149883
2 0.24500688096324053 0.09483823427756155 0.06576402321083172 0.021662763466042158
13 0.2575892120967447 0.14577500242744448 0.07282227971228314 0.02517564402810305
136 0.25967117988394584 0.889344262295082 0.07543520309477757 0.05269320843091335
86 0.2744197292069632 0.5743559718969555 0.07591876208897486 0.04215456674473068
97 0.2821566731141199 0.6390515222482436 0.08655705996131528 0.04156908665105386
34 0.2710030755435322 0.26321146570005854 0.04610606897213583 0.030122875494445162
107 0.30923597678916825 0.7069672131147541 0.07591876208897486 0.031030444964871194
55 0.3065764023210832 0.42505854800936765 0.06963249516441006 0.02927400468384075
77 0.3488878143133462 0.5269320843091335 0.14845261121856868 0.040983606557377046
47 0.3104448742746615 0.31820843091334894 0.07059961315280464 0.03337236533957846
116 0.3118955512572534 0.7678571428571429 0.06576402321083172 0.025175644028103045
3 0.3370077038259998 0.09662329725283947 0.10368530984474955 0.04449648711943794
66 0.34381044487427465 0.47892271662763464 0.09477756286266925 0.03044496487119438
14 0.33752417794970985 0.1484192037470726 0.06963249516441006 0.020491803278688523
126 0.36129067293238865 0.8264242340209896 0.10000274687757828 0.03571428571428571
87 0.3377659574468085 0.5836664080072895 0.03723404255319149 0.0592382153948656
137 0.33594771257638123 0.8826207821158815 0.042973757157345346 0.043325526932084316
98 0.3718568665377176 0.6349531615925058 0.07156673114119923 0.04625292740046839
35 0.3326372527349375 0.2547029225455795 0.06497440582696908 0.040983606557377046
48 0.3902321083172147 0.31176814988290397 0.07833655705996131 0.04625292740046839
56 0.38418762088974856 0.4168618266978923 0.06624758220502901 0.04918032786885246
117 0.4059258322089514 0.7710582015762005 0.10655698281587689 0.03395784543325527
138 0.38684719535783363 0.890807962529274 0.05319148936170213 0.020491803278688523
88 0.4049806576402321 0.5889929742388759 0.08268858800773694 0.040983606557377046
108 0.39748549323017407 0.7072599531615925 0.058027079303675046 0.02576112412177986
36 0.4148936170212766 0.2620023419203747 0.08897485493230174 0.03454332552693208
15 0.433752417794971 0.15310304449648712 0.10831721470019343 0.027517564402810304
4 0.42819148936170215 0.10070257611241218 0.06624758220502901 0.0234192037470726
67 0.44148936170212766 0.4806791569086651 0.08317214700193423 0.02107728337236534
127 0.4623141391566611 0.8249796155829625 0.08348874767444986 0.04800936768149884
57 0.44922630560928434 0.43266978922716626 0.0609284332688588 0.02576112412177986
139 0.46349129593810445 0.8957845433255269 0.08752417794970986 0.026932084309133488
78 0.46566731141199225 0.5392271662763466 0.07156673114119923 0.02107728337236534
49 0.47920696324951645 0.3129391100702576 0.09574468085106383 0.043911007025761124
109 0.4900870406189555 0.7110655737704918 0.10106382978723404 0.03454332552693208
43 0.4828336557059961 0.5930913348946136 0.06431334622823985 0.03395784543325527
37 0.49395551257253384 0.2681498829039813 0.06431334622823985 0.0234192037470726
5 0.4995164410058027 0.10011709601873536 0.0609284332688588 0.01990632318501171
58 0.5203094777562862 0.422423887587822 0.08027079303675048 0.043911007025761124
118 0.5053191489361702 0.7728337236533958 0.043520309477756286 0.03044496487119438
68 0.5437424944061053 0.48240697449544817 0.08379640324969602 0.031030444964871198
99 0.48609395470010314 0.6527912226534838 0.12107558314696659 0.03044496487119438
16 0.5442456479690522 0.1525175644028103 0.10203094777562863 0.027517564402810304
79 0.5415860735009671 0.5409836065573771 0.06576402321083172 0.02927400468384075
140 0.5481141199226306 0.9013466042154566 0.06528046421663443 0.03454332552693208
90 0.553916827852998 0.5968969555035128 0.06141199226305609 0.046633791273500536
128 0.561411992263056 0.8340163934426229 0.0725338491295938 0.027517564402810304
6 0.5790618955512572 0.09923887587822014 0.08945841392649903 0.026346604215456676
38 0.566562640394602 0.26316376120964585 0.058558743187769276 0.01873536299765808
50 0.5785783365570599 0.3149882903981265 0.08365570599613152 0.05620608899297424
110 0.5756769825918759 0.7066363094755859 0.05754352030947774 0.047941341217291385
59 0.6090425531914894 0.4300351288056206 0.0797872340425532 0.04742388758782201
119 0.5875253523751724 0.7698872413888469 0.09386756414498695 0.039819782762474526
80 0.6165377176015474 0.5406908665105387 0.07446808510638298 0.024004683840749413
141 0.6233075435203095 0.8975409836065574 0.06963249516441006 0.02927400468384075
91 0.6191972920696325 0.5910421545667447 0.06044487427466151 0.04156908665105386
17 0.653046421663443 0.15339578454332556 0.08746638879753317 0.029274004683840754
39 0.6300773694390716 0.26639344262295084 0.04932301740812379 0.0234192037470726
111 0.6665860735009671 0.7186768149882904 0.11170212765957446 0.031030444964871194
51 0.6528046421663443 0.32142857142857145 0.05705996131528046 0.02459016393442623
7 0.65715667311412 0.09894613583138173 0.05125725338491296 0.03161592505854801
129 0.6373734667659183 0.8293516344893734 0.07083013366359911 0.03571428571428571
60 0.6835106382978723 0.43062060889929743 0.0672147001934236 0.022833723653395786
120 0.6845608322631159 0.7676025664026348 0.06309029184961437 0.05293730387444766
92 0.7081721470019342 0.6001170960187353 0.10106382978723404 0.02927400468384075
81 0.6750483558994197 0.5392271662763466 0.029013539651837523 0.02107728337236534
70 0.691972920696325 0.4842206601649735 0.05705996131528046 0.04205237281459995
40 0.7130077369439072 0.2707845433255269 0.08752417794970986 0.031030444964871194
130 0.699468085106383 0.8357728337236534 0.05077369439071567 0.026346604215456676
101 0.7113152804642167 0.6569086651053864 0.07059961315280464 0.02459016393442623
8 0.7461315280464217 0.09572599531615925 0.11411992263056092 0.025175644028103045
52 0.722678916827853 0.32289227166276346 0.0672147001934236 0.029859484777517563
82 0.7558027079303675 0.5403981264637002 0.11605415860735009 0.03044496487119438
18 0.7587773405880256 0.15192254341105096 0.08323337366654474 0.03161592505854801
61 0.7526595744680851 0.4265222482435597 0.06334622823984526 0.022833723653395786
71 0.7592193615937985 0.4792631611648857 0.07785299806576403 0.05685511712030802
131 0.7657156673114119 0.8378220140515222 0.08268858800773694 0.03161592505854801
121 0.7753868471953579 0.775175644028103 0.08172147001934237 0.03395784543325527
102 0.7717601547388782 0.6381733021077284 0.037717601547388784 0.05035128805620609
41 0.8007736943907157 0.25731850117096017 0.07446808510638298 0.04859484777517564
93 0.8314796905222437 0.5963114754098361 0.1349129593810445 0.028688524590163935
112 0.7939000235008917 0.7189695550351288 0.120832713875261 0.03161592505854801
62 0.8297872340425532 0.4259367681498829 0.08704061895551257 0.028688524590163935
103 0.8365570599613152 0.655152224824356 0.09284332688588008 0.02576112412177986
72 0.8440522243713733 0.4806791569086651 0.0788201160541586 0.02224824355971897
9 0.8406673114119922 0.09543325526932084 0.0672147001934236 0.02810304449648712
19 0.8375241779497099 0.15163934426229508 0.05899419729206963 0.02810304449648712
132 0.8467117988394585 0.8384074941451991 0.06769825918762089 0.02810304449648712
83 0.8931334622823984 0.531615925058548 0.14796905222437137 0.04566744730679157
122 0.8697114173424166 0.7684807865431499 0.09459255370550916 0.050936768149882905
42 0.8747582205029013 0.2693208430913349 0.061895551257253385 0.0351288056206089
113 0.8941005802707931 0.7204332552693209 0.05029013539651837 0.03454332552693208
63 0.9153771760154739 0.4253512880562061 0.07156673114119923 0.03454332552693208
10 0.9284332688588007 0.0895784543325527 0.09284332688588008 0.02927400468384075
104 0.9323017408123792 0.655152224824356 0.08994197292069632 0.02810304449648712
133 0.9308510638297872 0.835480093676815 0.08123791102514506 0.04449648711943794
73 0.9442954935551617 0.4742484167763027 0.08268858800773693 0.046252927400468394
94 0.9397969052224371 0.5960187353629977 0.0788201160541586 0.02459016393442623
43 0.9448742746615088 0.2576112412177986 0.06673114119922631 0.04332552693208431
123 0.9521276595744681 0.7608313817330211 0.05899419729206963 0.056791569086651054
20 0.9301903811720541 0.14404718484066145 0.09973476244583454 0.043325526932084316
21 0.08907028803703648 0.1841372879041972 0.10196276866567718 0.05303668076188315
22 0.18950361517272854 0.1900302524332953 0.06627579963269017 0.05303668076188311
23 0.2639364362986729 0.20476266375604063 0.06627579963269017 0.041250751703686916
24 0.33734962973796045 0.20476266375604063 0.0499617566461818 0.03830426943913779
25 0.42554742463377127 0.2040260431899034 0.10604127941230426 0.05745640415870673
26 0.5219022410228362 0.20918238715286425 0.060158033512749544 0.047143716232785036
27 0.6075509667020051 0.20476266375604063 0.07443282112594443 0.055983163026432234
28 0.6794347186113074 0.2025528020576288 0.05505989507946582 0.05745640415870669
29 0.7635540027604913 0.20770914602058968 0.07647207649925795 0.041250751703686875
30 0.8446144038497045 0.20770914602058968 0.06321691657271998 0.04419723396823596
31 0.9185374111323206 0.20623590488831514 0.06423654425937662 0.041250751703686875
69 0.6253944512184987 0.48688834058661334 0.04894212895952516 0.045670475100510456
60 0.23232797801231295 0.5259292305918885 0.045883245899554746 0.038304269439137874
100 0.6131589189786173 0.6533645885336354 0.10196276866567723 0.04272399283596137
