8 0.09541630210072731 0.0955497382198953 0.12160615678698268 0.04155715586136795
119 0.08257575757575758 0.8959424083769634 0.13383838383838384 0.0318499127399651
53 0.08484848484848485 0.4096858638743455 0.13737373737373737 0.03228621291448516
15 0.10212969047679574 0.1432140761996743 0.14896425131260357 0.030541012216404886
46 0.06161616161616162 0.3416230366492147 0.08888888888888889 0.0462478184991274
61 0.06045832879564875 0.46356893542757416 0.07933599781614199 0.02574171029668412
21 0.09217171717171717 0.18477312390924958 0.14595959595959596 0.047556719022687606
29 0.08156565656565656 0.24890924956369984 0.12474747474747475 0.036212914485165795
100 0.0960119243568551 0.7328228647580801 0.11427864209520634 0.028359511343804537
68 0.08585858585858586 0.512434554973822 0.13232323232323231 0.02574171029668412
37 0.07196969696969698 0.29777486910994766 0.1005050505050505 0.026614310645724257
116 0.06717171717171717 0.8407504363001745 0.08787878787878788 0.02617801047120419
84 0.09747474747474748 0.631108202443281 0.14242424242424243 0.032722513089005235
60 0.06641414141414141 0.5704624781849913 0.07828282828282829 0.028359511343804537
108 0.0696969696969697 0.7899214659685864 0.07777777777777778 0.03446771378708551
92 0.07108344275482086 0.6817190226876091 0.07808437607172795 0.0366184770358814
132 0.06270730770078416 0.951244911583921 0.06989119501354793 0.04207450811932105
0 0.11109205775799955 0.036045661703374296 0.1412359939941574 0.05557673969866589
133 0.15328282828282827 0.9384278659141246 0.09444444444444444 0.05595438744931437
62 0.1712121212121212 0.4677137870855148 0.10303030303030303 0.03228621291448516
117 0.19265288266158073 0.8454959287413496 0.1432791973280837 0.028359511343804537
47 0.16843434343434344 0.35143979057591623 0.09444444444444444 0.033595113438045374
77 0.20479797979797978 0.5650087260034904 0.1621212121212121 0.04799301919720768
109 0.18055555555555555 0.787739965095986 0.10454545454545454 0.04319371727748691
38 0.1850866517623789 0.2999025605040023 0.07274823115864679 0.025305410122164054
93 0.21616161616161617 0.6856457242582897 0.13232323232323231 0.033595113438045374
30 0.2020344237112381 0.2493455497382199 0.09187959795272566 0.02661431064572426
125 0.24065656565656565 0.8922338568935427 0.15707070707070708 0.049738219895287955
69 0.20883838383838385 0.5191972076788831 0.0803030303030303 0.027923211169284468
54 0.2502525252525252 0.41361256544502617 0.15303030303030302 0.030541012216404886
101 0.21041069541286989 0.7338568935427574 0.0690018569079599 0.028795811518324613
22 0.21868686868686868 0.19219022687609075 0.08080808080808081 0.05279232111692845
9 0.2265151515151515 0.10449389179755672 0.08737373737373737 0.0274869109947644
1 0.2366161616161616 0.031413612565445025 0.07626262626262627 0.05235602094240838
16 0.26035353535353534 0.15270506108202445 0.11767676767676767 0.030541012216404886
134 0.2648560515306914 0.9480831914051888 0.06819081861190186 0.04546055697869714
48 0.2866161616161616 0.3505671902268761 0.11262626262626263 0.04319371727748691
85 0.25402618234936797 0.6324171029668413 0.10011802030001055 0.0318499127399651
63 0.2833333333333333 0.4736038394415358 0.08686868686868687 0.037085514834205933
110 0.2840909090909091 0.7811954624781849 0.07626262626262627 0.04930191972076789
39 0.298989898989899 0.3045375218150087 0.08383838383838384 0.027050610820244327
70 0.30454545454545456 0.525087260034904 0.08282828282828283 0.029232111692844676
23 0.32222222222222224 0.20397033158813263 0.09797979797979799 0.029232111692844676
102 0.28914141414141414 0.7281849912739965 0.031818181818181815 0.03926701570680628
2 0.33055555555555555 0.04690226876090751 0.08131313131313131 0.0318499127399651
94 0.3330808080808081 0.6880453752181501 0.08636363636363636 0.02617801047120419
10 0.35883838383838385 0.10732984293193717 0.13080808080808082 0.02530541012216405
31 0.31047268713427983 0.25654450261780104 0.08212263883204089 0.031413612565445025
78 0.35454545454545455 0.5780977312390925 0.09393939393939393 0.027050610820244327
118 0.3424242424242424 0.849694589877836 0.06767676767676768 0.02574171029668412
135 0.36893939393939396 0.9506980802792321 0.11262626262626263 0.049738219895287955
126 0.37424242424242427 0.8909249563699826 0.11313131313131314 0.0506108202443281
17 0.40631313131313124 0.16012216404886562 0.14421715630555318 0.03577661431064573
103 0.37368490869251947 0.741220187031053 0.09325754879916315 0.028359511343804537
111 0.3952020202020202 0.7921029668411868 0.13484848484848486 0.030104712041884817
55 0.39191919191919194 0.42342931937172773 0.10404040404040404 0.030104712041884817
86 0.38181818181818183 0.6259234976545087 0.07575757575757579 0.04745126446722931
49 0.4118686868686869 0.3507853403141361 0.12070707070707071 0.0506108202443281
64 0.4303934654065126 0.4699999947421294 0.14906287866054274 0.05877700379087564
40 0.4160471593953519 0.3089005235602094 0.11045502303470743 0.03315881326352531
71 0.4111111111111111 0.5205061082024433 0.09494949494949495 0.03926701570680628
24 0.41868686868686866 0.20484293193717276 0.08282828282828283 0.0274869109947644
119 0.443529610199901 0.8486038394415358 0.10851060131822618 0.029668411867364748
95 0.4303030303030303 0.6841186736474695 0.08484848484848485 0.053228621291448515
32 0.4019249352546444 0.25763525305410123 0.06934089262621702 0.03446771378708551
79 0.453030303030303 0.580933682373473 0.09797979797979799 0.0274869109947644
3 0.4753954254008616 0.037958115183246086 0.13245415770783656 0.04624781849912741
87 0.4671812438482729 0.6309409496614895 0.07676767676767676 0.050875120730728564
127 0.4946969696969697 0.8965968586387435 0.11161616161616161 0.0462478184991274
11 0.49373450206964753 0.10160704335770775 0.11416128048972411 0.06203350561136732
72 0.527020202020202 0.5292321116928447 0.13080808080808082 0.030541012216404886
56 0.503030303030303 0.4142670157068063 0.0797979797979798 0.04581151832460733
25 0.5347530814353322 0.2003693990618035 0.14021944282786575 0.044071506837415356
112 0.5507146373892773 0.7981544476328447 0.15109221361026867 0.03883071553228621
136 0.49733184732641095 0.9498254799301922 0.07041725408694523 0.04712041884816754
104 0.49171913171152093 0.7423647469458988 0.0877223948095851 0.02486910994764398
41 0.5452020202020202 0.299738219895288 0.09343434343434344 0.049738219895287955
88 0.5553316103326976 0.6371058737563934 0.09343434343434344 0.06046645556515207
18 0.5785353535353536 0.16012216404886562 0.1318181818181818 0.03577661431064572
96 0.5606060606060606 0.6917539267015707 0.09595959595959595 0.0274869109947644
120 0.5534211700642796 0.8520942408376964 0.07842342428281787 0.059336823734729496
65 0.6060606060606061 0.4803664921465969 0.13737373737373737 0.029668411867364748
105 0.5863636363636363 0.7471640488656196 0.09696969696969697 0.030104712041884817
80 0.5473032672967437 0.5821320517668646 0.08267673600841173 0.03315881326352531
137 0.5828282828282828 0.9480802792321117 0.07575757575757576 0.0462478184991274
50 0.557046958703115 0.3554203016251426 0.12462159536732359 0.05322862129144852
57 0.5952020202020202 0.42408376963350786 0.09343434343434344 0.029668411867364748
4 0.6088383838383838 0.053446771378708555 0.07121212121212121 0.029232111692844676
12 0.6302649235968071 0.10077951596798172 0.10505050505050505 0.053813208530250685
128 0.6325137658543476 0.9065212315225366 0.08740696018577705 0.032722513089005235
42 0.6344863344917707 0.31451861635042466 0.07736806643745256 0.030104712041884817
81 0.6128787878787879 0.5815881326352531 0.027777777777777776 0.02443280977312391
26 0.6631313131313131 0.21160558464223386 0.08282828282828283 0.02530541012216405
73 0.6713931280666804 0.5287899871721701 0.10349805838325092 0.053389243001114514
82 0.7099293932754113 0.5837158240293077 0.12427306164826925 0.0470027800919741
34 0.6767676767676768 0.2604712041884817 0.06363636363636363 0.04159484155940923
51 0.6845959595959596 0.3601657940663176 0.07828282828282829 0.029232111692844676
58 0.7035353535353536 0.4155759162303665 0.10606060606060606 0.051047120418848166
138 0.6491996225217209 0.9620956942952998 0.05757575757575758 0.0274869109947644
97 0.6667286583880767 0.6922469485277137 0.08086737517003553 0.054537521815008726
113 0.697979797979798 0.8036649214659686 0.08484848484848485 0.03315881326352531
19 0.6957070707070707 0.16055846422338568 0.07727272727272727 0.03664921465968586
43 0.7025252525252526 0.6365619546247818 0.07373737373737374 0.04799301919720768
66 0.7497474747474747 0.4895287958115183 0.12272727272727273 0.028795811518324606
5 0.7053554953478843 0.05393688103177432 0.09534227254314719 0.032945497318574414
129 0.7318181818181818 0.9055381000433275 0.07474747474747474 0.05986103461510272
13 0.7484848484848485 0.11801919720767888 0.1 0.029232111692844676
106 0.7183962367281203 0.755453752181501 0.13385105439639564 0.032722513089005235
27 0.7735467035586634 0.20751163028976177 0.11121511222564798 0.04452060768176257
35 0.7727272727272727 0.25152705061082026 0.10505050505050505 0.04493891797556719
43 0.7652848886232959 0.30671902268760914 0.08492824116224533 0.04712041884816754
52 0.7686868686868686 0.3658376963350785 0.08282828282828283 0.02574171029668412
122 0.7818181818181819 0.8547091297117395 0.10707070707070707 0.05839225973415802
98 0.7893939393939394 0.6897905759162304 0.10505050505050505 0.04712041884816754
42 0.8012292145708835 0.8037187309445142 0.10277095785465996 0.030977312390924956
90 0.7921717171717172 0.6428883071553227 0.07727272727272727 0.04002023204654108
20 0.8285353535353536 0.15663176265270506 0.13787878787878788 0.05148342059336824
59 0.8371212121212122 0.42190226876090753 0.1409090909090909 0.04275741710296684
140 0.8244949494949495 0.9650959860383944 0.09646464646464646 0.034031413612565446
130 0.8085858585858586 0.9096858638743456 0.06161616161616162 0.028795811518324606
83 0.8810606060606061 0.5802792321116929 0.1893939393939394 0.05410122164048865
107 0.8404897804930419 0.7522353103511461 0.08338330611401099 0.030977312390924956
14 0.8535353535353535 0.11365619546247818 0.09595959595959595 0.0231239092495637
44 0.8505050505050505 0.3150087260034904 0.07373737373737374 0.030541012216404886
67 0.8724747474747475 0.4871291448516579 0.0994949494949495 0.026614310645724257
123 0.8828282828282829 0.8579275715420944 0.08888888888888889 0.05194280528380037
36 0.892667241000212 0.25495781818228075 0.10353535353535354 0.05607545314592023
91 0.8853535353535353 0.6350349040139616 0.08484848484848485 0.05017452006980803
6 0.8320183786734482 0.0548632908593602 0.11580859685464055 0.032722513089005235
131 0.8992424242424243 0.9092495636998255 0.10151515151515152 0.03315881326352531
28 0.9002525252525253 0.20298428793584672 0.0974747474747475 0.04901365472691282
141 0.9242138442127569 0.9654784767343686 0.06482688205439358 0.032722513089005235
75 0.8918859168750443 0.5360485738764514 0.07323232323232323 0.028795811518324613
45 0.9441919191919191 0.30846422338568935 0.11161616161616161 0.053228621291448515
115 0.9313988714021332 0.8059540412956604 0.12793152677647956 0.061689557205487536
7 0.9457070707070707 0.05082897033158813 0.09747474747474748 0.0274869109947644
60 0.9497474747474748 0.42844677137870857 0.0803030303030303 0.029668411867364748
99 0.9078474728289895 0.6978054074932288 0.12674148458730788 0.030104712041884817
33 0.5334823349452484 0.24996215096444316 0.1529449333258271 0.05392904124559939
121 0.6690924271069435 0.8596362006821889 0.08972723642579591 0.05450992189415777
139 0.7149756730064983 0.9634997005075434 0.0672954273193469 0.03830426943913796
57 0.7882676690110855 0.5321019442795286 0.08387528931506107 0.04571484227292252
