0 0.06635802469135803 0.035996197439402536 0.13271604938271606 0.04537151862980439
9 0.031121399176954733 0.08575581395348837 0.062242798353909466 0.025193798449612403
18 0.05375514403292181 0.13444767441860464 0.10751028806584362 0.036337209302325583
26 0.045781893004115226 0.1744186046511628 0.09156378600823045 0.02131782945736434
35 0.05298353909465021 0.21172480620155038 0.10390946502057613 0.040697674418604654
44 0.05615276143742517 0.26816860465116277 0.058127572016460904 0.02664728682170542
62 0.06352880658436214 0.47771317829457366 0.10853909465020577 0.03391472868217054
97 0.07656348045563112 0.6747991220344489 0.11008230452674897 0.04505813953488372
71 0.05838477366255144 0.5227713178294574 0.09104938271604938 0.040697674418604654
126 0.08333333333333333 0.8757267441860465 0.12345679012345678 0.04505813953488372
79 0.06481481481481481 0.5801841085271318 0.0823045267489712 0.037306201550387594
119 0.09156378600823045 0.8309108527131783 0.13477366255144033 0.03972868217054264
53 0.084619341563786 0.4304748062015504 0.11676954732510288 0.029554263565891473
105 0.08101851851851852 0.7260174418604651 0.10853909465020577 0.03439922480620155
87 0.05684156378600823 0.625 0.05606995884773663 0.05426356589147287
135 0.09927983539094651 0.937984496124031 0.12139917695473251 0.045542635658914726
10 0.1309156378600823 0.0811531007751938 0.10648148148148148 0.027616279069767442
88 0.14247135413874568 0.6157353153628661 0.10390946502057616 0.03812387873145581
45 0.15997942386831276 0.25896317829457366 0.13991769547325103 0.054748062015503876
112 0.11855140854198563 0.7771317829457365 0.15284093677453225 0.03391472868217054
27 0.1682098765432099 0.1683821558609567 0.12242798353909466 0.04312015503875969
80 0.15560699588477367 0.5666182170542635 0.08693415637860083 0.028585271317829456
98 0.18081275720164608 0.6596414728682171 0.1044238683127572 0.04215116279069767
72 0.19007201646090535 0.5167151162790697 0.12088477366255145 0.027616279069767442
36 0.17541152263374485 0.21971899224806202 0.0874485596707819 0.027616279069767442
63 0.1712962962962963 0.4752906976744186 0.07716049382716049 0.0377906976744186
19 0.17901234567901234 0.1310562015503876 0.07098765432098765 0.035368217054263566
1 0.1787551440329218 0.03076550387596899 0.04989711934156379 0.03246124031007752
127 0.21116255144032922 0.8708817829457365 0.1095679012345679 0.04215116279069767
54 0.227880658436214 0.42393410852713176 0.1337448559670782 0.027131782945736434
106 0.23996913580246915 0.7119670542635659 0.15792181069958847 0.03343023255813953
136 0.21810699588477367 0.9292635658914729 0.09259259259259259 0.044573643410852716
120 0.24151234567901234 0.8146802325581395 0.11882716049382716 0.0499031007751938
11 0.25128600823045266 0.0753391472868217 0.10759806722846092 0.04699612403100775
43 0.24614197530864199 0.6080426356589147 0.09002057613168725 0.03972868217054264
113 0.2536008230452675 0.7698643410852714 0.09465020576131687 0.03682170542635659
2 0.26260288065843623 0.03657945736434109 0.08294935698436959 0.02470930232558139
81 0.2330246913580247 0.560077519379845 0.0257201646090535 0.027131782945736434
37 0.2824074074074074 0.21875 0.09773662551440329 0.03246124031007752
28 0.28728505978542224 0.17528361815847987 0.09310699588477367 0.046027131782945735
20 0.3078703703703706 0.12859421540986954 0.1301440329218107 0.041983950312047054
46 0.2906378600823045 0.2611434108527132 0.08950617283950617 0.0436046511627907
99 0.33487654320987653 0.655765503875969 0.15123456790123457 0.03343023255813953
82 0.3359053497942387 0.5588662790697675 0.1419753086419753 0.03246124031007752
137 0.30504115226337447 0.9183624031007752 0.06584362139917696 0.040213178294573645
64 0.3492247620047142 0.4654177854123275 0.14622032197064402 0.05862403100775194
73 0.345679012345679 0.5125968992248062 0.11419753086419752 0.041666666666666664
55 0.3441358024691358 0.4127906976744186 0.08539094650205761 0.04263565891472868
90 0.3420781893004115 0.6051356589147286 0.07818930041152264 0.027131782945736434
121 0.36522633744855965 0.8103197674418605 0.10082304526748971 0.03343023255813953
42 0.36728395061728397 0.7652616279069767 0.102880658436214 0.036337209302325583
128 0.3632698846649348 0.8684593023255813 0.09369516258931489 0.030523255813953487
12 0.3706275720164609 0.07194767441860465 0.0889917695473251 0.037306201550387594
107 0.38271604938271603 0.6993701550387597 0.11008230452674897 0.030523255813953487
3 0.3995995690476378 0.028506260277103426 0.13723623991601785 0.0436046511627907
47 0.39197530864197533 0.25799418604651164 0.10493827160493827 0.03439922480620155
29 0.4013540860817447 0.17126937984496124 0.11131095062885879 0.035368217054263566
38 0.3922325102880658 0.21196705426356588 0.08179012345679013 0.02374031007751938
138 0.37962962962962965 0.9217538759689923 0.046296296296296294 0.024709302325581394
21 0.45750684751916976 0.11694655567294385 0.1233826956875584 0.040213178294573645
91 0.43647119341563784 0.5920542635658915 0.07664609053497942 0.04844961240310078
56 0.43852880658436216 0.40867248062015504 0.07561728395061729 0.05184108527131783
57 0.45267489711934156 0.5082364341085271 0.08950617283950617 0.02810077519379845
139 0.46064814814814814 0.9149709302325582 0.08384773662551441 0.03246124031007752
13 0.4724794238683129 0.07518112520536963 0.10236625514403296 0.03526810235772723
122 0.48148148148148145 0.7919089147286822 0.11419753086419752 0.041182170542635656
129 0.455761316872428 0.8517441860465116 0.05761316872427984 0.03391472868217054
100 0.4984567901234568 0.6436531007751938 0.13477366255144033 0.04215116279069767
83 0.5307909588595616 0.5494383574113442 0.17054845481853337 0.04844961240310078
39 0.4773662551440329 0.2061531007751938 0.07716049382716049 0.029554263565891473
115 0.5342078189300411 0.7453972868217055 0.19084362139917696 0.03827519379844961
65 0.5128600823045267 0.46075581395348836 0.1111111111111111 0.03682170542635659
48 0.5118312757201646 0.25339147286821706 0.08539094650205761 0.04844961240310078
30 0.5169753086419753 0.15843023255813954 0.08127572016460906 0.02131782945736434
4 0.5262345679012346 0.03561046511627907 0.09670781893004116 0.027616279069767442
108 0.5300925925925926 0.689437984496124 0.073559670781893 0.03197674418604651
130 0.5426954732510288 0.8536821705426356 0.09362139917695474 0.02810077519379845
57 0.5333260672193053 0.41180195266617503 0.0736951335736127 0.027131782945736434
92 0.5401234567901234 0.594718992248062 0.08333333333333333 0.02374031007751938
140 0.5550411522633745 0.9125484496124031 0.09259259259259259 0.03924418604651163
75 0.5861074780540971 0.5002422480620154 0.10115156409422152 0.027616279069767442
40 0.5954218106995884 0.2059108527131783 0.11779835390946503 0.035852713178294575
14 0.5787037037037037 0.07388565891472869 0.08333333333333333 0.02374031007751938
22 0.5797325102880658 0.11143410852713179 0.08539094650205761 0.041666666666666664
123 0.6003086419753086 0.782703488372093 0.08127572016460906 0.04893410852713178
31 0.6129115226337448 0.15843023255813954 0.08796296296296297 0.027131782945736434
49 0.6224279835390947 0.24055232558139536 0.102880658436214 0.04699612403100775
101 0.6164113778042535 0.6380616425886557 0.08904700086178549 0.035852713178294575
5 0.6220789929159506 0.03125 0.07156385819654613 0.02374031007751938
67 0.6412037037037037 0.45445736434108525 0.10545267489711935 0.029069767441860465
131 0.6541186668841225 0.8467162350247307 0.07481072203663479 0.041182170542635656
93 0.657664609053498 0.592781007751938 0.1301440329218107 0.03246124031007752
109 0.6574074074074074 0.6867732558139535 0.12551440329218108 0.036337209302325583
141 0.6494341563786008 0.906734496124031 0.07458847736625514 0.03246124031007752
58 0.631301344074048 0.4002135512097939 0.09451712900732022 0.05563871693018121
84 0.6958683286508179 0.5447961387126868 0.07601025045337698 0.031492248062015504
15 0.6954732510288066 0.06734496124031007 0.12654320987654322 0.0377906976744186
23 0.6849279835390947 0.11288759689922481 0.10545267489711935 0.02810077519379845
116 0.6844135802469136 0.7371608527131783 0.08076131687242798 0.024709302325581394
119 0.7078189300411523 0.7865794573643411 0.11934156378600823 0.04215116279069767
60 0.6939300411522634 0.4953972868217054 0.08641975308641975 0.029554263565891473
6 0.7307098765432098 0.03125 0.12808641975308643 0.03459334097734172
32 0.7052469135802469 0.1564922480620155 0.07716049382716049 0.029069767441860465
41 0.7193930041152263 0.19113372093023256 0.09619341563786009 0.04408914728682171
102 0.6990740740740741 0.6308139534883721 0.0360082304526749 0.03197674418604651
59 0.7555023949530005 0.39385584331684625 0.12900494959121345 0.04844961240310078
68 0.7662953001704172 0.4447871946206467 0.10334449261374191 0.035852713178294575
50 0.7490996979835132 0.23936083803149935 0.10287350152162661 0.041666666666666664
110 0.7716049382716049 0.6753875968992248 0.07613168724279835 0.031007751937984496
94 0.7749485596707819 0.5864825581395349 0.08179012345679013 0.027616279069767442
77 0.8204732510288066 0.48570736434108525 0.15432098765432098 0.04312015503875969
24 0.789866255144033 0.10731589147286821 0.0684156378600823 0.026647286821705425
33 0.8407921810699589 0.14244186046511628 0.14660493827160495 0.0436046511627907
16 0.833819814911718 0.05959302325581396 0.09697988156157665 0.040697674418604654
42 0.831340164958887 0.2000968992248062 0.09558961607509812 0.03488372093023256
133 0.8505658436213992 0.8243701550387597 0.10545267489711935 0.035368217054263566
7 0.843639371951685 0.02180232558139535 0.0962268581620425 0.029069767441860465
111 0.8945473251028807 0.6627906976744186 0.15946502057613168 0.035852713178294575
51 0.8522190077600663 0.23744260629555677 0.0660982942195418 0.03391472868217054
60 0.8641975308641975 0.3951065891472868 0.07407407407407407 0.03343023255813953
25 0.9120370370370371 0.09859496124031007 0.1368312757201646 0.041182170542635656
95 0.877195296634305 0.5788293839559463 0.08990120172072666 0.04524653755021613
43 0.9287551440329218 0.18410852713178294 0.08281893004115226 0.041666666666666664
70 0.9431584362139918 0.43362403100775193 0.07458847736625514 0.022286821705426358
78 0.9432779543945019 0.4789244186046511 0.055247045024677394 0.02567829457364341
61 0.9457304526748971 0.3875968992248062 0.07253086419753087 0.027131782945736434
134 0.9511316872427984 0.8163759689922481 0.0823045267489712 0.0436046511627907
34 0.9516460905349794 0.14219961240310078 0.06172839506172839 0.03343023255813953
96 0.959619341563786 0.571443425534392 0.07561728395061729 0.030523255813953487
118 0.945601755596682 0.7146317829457365 0.06359683309770217 0.025193798449612403
8 0.9499998547808842 0.019888755285706168 0.10298239635233387 0.030938063777765153
17 0.9479605994075706 0.055983163026432185 0.11317867321890156 0.02946482264549062
52 0.9362348810110178 0.23645520173006226 0.06933468269266042 0.042723992835961414
69 0.8730179644382979 0.4404990985500848 0.06117766119940636 0.041250751703686875
85 0.8377617179769422 0.5361759513964276 0.0970430216133748 0.03824202949317825
86 0.9449017163476005 0.5193174991267723 0.08870760873913915 0.051563439629608604
103 0.7885484265144278 0.6313242894286453 0.0832636099028745 0.034078803445308996
104 0.8908614489547915 0.6209711372537149 0.09074686411245278 0.033884546042314216
117 0.8103108617089065 0.7218881548145203 0.11929643933884244 0.04125075170368679
125 0.8669001983183573 0.7668220093488934 0.15498340837182942 0.03977751057141229
132 0.7511724558828137 0.8412206865287574 0.06831505500600367 0.050090198497334114
