131 0.06367432150313153 0.9194983818770227 0.10855949895615867 0.032362459546925564
119 0.0824634655532359 0.8685275080906149 0.1440501043841336 0.032362459546925564
117 0.09420668058455114 0.8147249190938511 0.16022964509394572 0.049352750809061485
140 0.06184759916492693 0.9807847896440129 0.09029227557411273 0.03843042071197411
111 0.09577244258872651 0.7506067961165048 0.15605427974947808 0.03033980582524272
103 0.0709812108559499 0.6980177993527508 0.09812108559498957 0.03114886731391586
95 0.07332985386221294 0.6419902912621359 0.10073068893528184 0.05906148867313916
86 0.07072025052192067 0.5891990291262136 0.08507306889352818 0.03843042071197411
8 0.10871012810341424 0.07827669902912622 0.14561586638830898 0.04419753075207825
61 0.07881002087682672 0.45691747572815533 0.0918580375782881 0.02872168284789644
53 0.09812108559498957 0.41262135922330095 0.12943632567849686 0.03478964401294499
69 0.07541753653444676 0.5036407766990292 0.08402922755741127 0.02912621359223301
78 0.06540464051764121 0.5479187357239615 0.0652400835073069 0.03114886731391586
41 0.09472860125260961 0.270631067961165 0.11430062630480167 0.05046065006892428
25 0.11169102296450939 0.17192556634304207 0.13883089770354906 0.043689320388349516
17 0.11430062630480167 0.12783171521035602 0.1409185803757829 0.04024575130478445
33 0.11873695198329853 0.2235032362459547 0.14665970772442588 0.046521035598705504
0 0.11534446764091857 0.028114886731391585 0.13883089770354906 0.041666666666666664
50 0.09481837600935508 0.3298999216072731 0.13070244781765425 0.0529728175151114
79 0.16597077244258873 0.5513754045307443 0.09498956158663883 0.03317152103559871
87 0.1505741127348643 0.5966828478964401 0.061064718162839246 0.045307443365695796
141 0.1714509394572025 0.9787621359223301 0.0965553235908142 0.03843042071197411
62 0.18580375782881003 0.45529935275080907 0.10542797494780794 0.031957928802589
70 0.16805845511482254 0.5024271844660194 0.06993736951983298 0.025080906148867314
132 0.17901878914405012 0.9201051779935275 0.09081419624217119 0.031957928802589
104 0.1902400835073069 0.6968042071197411 0.10908141962421712 0.02872168284789644
96 0.19572025052192066 0.6488673139158576 0.11482254697286012 0.030744336569579287
125 0.25706746505531425 0.8530267175905554 0.154688985585741 0.0691747572815534
42 0.21581419624217119 0.28640776699029125 0.07776617954070981 0.0372168284789644
51 0.21450939457202506 0.3258495145631068 0.07515657620041753 0.03681229773462783
54 0.24556367432150314 0.40756472491909385 0.1289144050104384 0.027103559870550162
88 0.24180270100165427 0.5909146087401465 0.09655532359081415 0.05222918285478255
9 0.22573068893528184 0.07564724919093851 0.06419624217118998 0.03764180919556701
1 0.2309498956158664 0.027710355987055017 0.07254697286012526 0.031957928802589
26 0.23042797494780792 0.1781957928802589 0.06941544885177453 0.035403363256382096
18 0.25600208768267224 0.1304611650485437 0.11847599164926931 0.032766990291262135
118 0.2511684942968672 0.7984337312036456 0.06941544885177453 0.04434634387575851
80 0.26461377870563674 0.5487459546925566 0.09603340292275574 0.03357605177993527
34 0.25391440501043844 0.22046925566343042 0.05688935281837161 0.03317152103559871
71 0.262483372637403 0.49271844660194175 0.08604229126810664 0.04003028772360972
133 0.2961899791231733 0.9152508090614887 0.10281837160751565 0.04733009708737864
105 0.2938413361169102 0.6966019417475728 0.09603340292275574 0.03317152103559871
63 0.2907098121085595 0.46177184466019416 0.08663883089770355 0.04409385113268608
52 0.28757828810020875 0.3315129449838188 0.06367432150313153 0.027103559870550162
43 0.29984342379958245 0.2726537216828479 0.07463465553235908 0.03964401294498382
2 0.3076722338204593 0.03762135922330097 0.07881002087682672 0.02669902912621359
112 0.28323340996569835 0.7482555327758755 0.16770896015569126 0.049528265519428974
97 0.3264613778705637 0.6430016181229773 0.11325678496868476 0.04571197411003236
10 0.3368997912317328 0.07686084142394822 0.12056367432150313 0.02669902912621359
27 0.3400313152400835 0.17131877022653721 0.11116910229645094 0.036003236245954695
35 0.3504697286012526 0.2273462783171521 0.10386221294363257 0.03317152103559871
119 0.3770876826722338 0.8029935275080906 0.14457202505219208 0.03478964401294499
43 0.3447286012526096 0.5920307443365695 0.07776617954070981 0.04247572815533981
19 0.35829853862212946 0.12580906148867313 0.0662839248434238 0.038834951456310676
55 0.36012526096033404 0.41322815533980584 0.06993736951983298 0.03114886731391586
81 0.34994780793319413 0.5358009708737864 0.049582463465553235 0.02953074433656958
64 0.4279749478079332 0.44862459546925565 0.15240083507306887 0.056675745036471235
3 0.4321503131524008 0.032362459546925564 0.15866388308977036 0.04611650485436893
44 0.3990083507306889 0.28499190938511326 0.08402922755741127 0.031957928802589
106 0.4298016701461378 0.6927588996763754 0.14352818371607515 0.03681229773462783
134 0.3990083507306889 0.919093851132686 0.08194154488517745 0.05339805825242718
82 0.4412839248434238 0.5467233009708737 0.1487473903966597 0.032766990291262135
126 0.42927974947807934 0.857200647249191 0.1069937369519833 0.04288025889967637
113 0.42927974947807934 0.7491909385113269 0.08924843423799582 0.03964401294498382
98 0.4519832985386221 0.6308656957928802 0.10960334029227557 0.043284789644012944
56 0.4321503131524008 0.4002831715210356 0.06680584551148225 0.05299352750809062
11 0.4647703549060543 0.08555825242718447 0.11847599164926931 0.04085760517799353
20 0.47755741127348633 0.13389967637540456 0.1440501043841336 0.038032081457437784
28 0.44650313152400833 0.17313915857605178 0.07776617954070981 0.0372168284789644
90 0.4517223382045929 0.5908171521035598 0.0882045929018789 0.031514980613298556
72 0.37023134530054636 0.49423585912641793 0.10339612051522909 0.03859529451428249
73 0.4890396659707724 0.49211165048543687 0.08037578288100208 0.041666666666666664
42 0.5269278245699487 0.7387898570903707 0.10386221294363257 0.042694719996962525
135 0.5396659707724426 0.9138349514563107 0.12839248434237996 0.05744336569579288
57 0.5311905871227569 0.40175451480318997 0.08089770354906055 0.04234898708667528
127 0.545929018789144 0.852953074433657 0.09812108559498957 0.04004854368932039
29 0.5534968684759917 0.19215210355987059 0.11116910229645094 0.04560643173377457
91 0.5553235908141962 0.5841423948220065 0.08455114822546973 0.05016181229773463
107 0.5639352818371608 0.6947815533980582 0.09968684759916492 0.03357605177993527
65 0.5835073068893528 0.4480177993527508 0.13674321503131523 0.03033980582524272
37 0.5555845511482255 0.23503236245954692 0.07776617954070981 0.02669902912621359
4 0.5621085594989561 0.04510517799352751 0.07933194154488518 0.02872168284789644
99 0.6033402922755741 0.6486650485436893 0.1544885177453027 0.03762135922330097
83 0.6231732776617954 0.5418689320388349 0.1837160751565762 0.04571197411003236
13 0.5751815796948809 0.0921097314960239 0.09128629407706003 0.04072722167437555
57 0.5829217393342595 0.4945490341530577 0.09189803086609387 0.04070990092390008
21 0.627348643006263 0.14016990291262135 0.12421711899791232 0.03681229773462783
46 0.6171711899791231 0.2817556634304207 0.08089770354906055 0.04894822006472492
58 0.6377870563674322 0.3976537216828479 0.11169102296450939 0.054207119741100325
121 0.6385699373695198 0.7957119741100324 0.1069937369519833 0.02831715210355987
115 0.7035490605427975 0.744943365695793 0.22755741127348644 0.04282119434539756
38 0.6466597077244259 0.2340210355987055 0.081419624217119 0.03248932696256195
92 0.6691022964509394 0.5924352750809061 0.11064718162839249 0.022249190938511326
5 0.6505741127348643 0.04227346278317152 0.07254697286012526 0.01982200647249191
30 0.6623173277661796 0.1891181229773463 0.09394572025052192 0.03564270682204245
136 0.6688413361169102 0.9215210355987055 0.09133611691022965 0.05825242718446602
128 0.6773060451215179 0.8645774604368864 0.10542797494780794 0.038834951456310676
75 0.6714509394572025 0.4971682847896442 0.0767223382045929 0.03548008729306706
14 0.6771920668058455 0.09223300970873786 0.08298538622129437 0.02750809061488673
108 0.6790187891440501 0.6978155339805825 0.07620041753653445 0.029935275080906147
47 0.7147703549060542 0.29085760517799353 0.10386221294363257 0.0372168284789644
66 0.7317327766179541 0.4532766990291262 0.12317327766179541 0.024676375404530743
39 0.7257306889352818 0.23786407766990292 0.075678496868476 0.02831715210355987
100 0.7578288100208769 0.6500809061488673 0.13883089770354906 0.02831715210355987
6 0.7622651356993737 0.05036407766990291 0.1289144050104384 0.03033980582524272
22 0.735125260960334 0.14401294498381878 0.07150313152400835 0.03802588996763754
122 0.7656576200417536 0.7967233009708737 0.12943632567849686 0.04733009708737864
60 0.7492171189979123 0.5010113268608414 0.0652400835073069 0.04051541274385621
59 0.7909707724425886 0.40594660194174753 0.14352818371607515 0.049462129175205
31 0.7625260960334029 0.19152714996344367 0.0845511482254697 0.040578332779959946
84 0.7724328499856623 0.5494451700302333 0.10915443073461227 0.030744336569579287
15 0.7969728601252608 0.10234627831715211 0.1315240083507307 0.04393950621671616
137 0.764874739039666 0.9091828478964401 0.06315240083507306 0.05137540453074434
93 0.8063674321503131 0.602953074433657 0.1430062630480167 0.03681229773462783
109 0.7951461377870563 0.7004449838187702 0.12056367432150313 0.05703883495145631
129 0.7745667222058341 0.855692628097889 0.07620041753653442 0.042947174895795734
48 0.8102818371607515 0.28559870550161814 0.08820459290187892 0.045307443365695796
23 0.8181106471816283 0.15351941747572814 0.08402922755741125 0.033916227531633474
40 0.8569937369519833 0.2447411003236246 0.14509394572025053 0.04288025889967637
77 0.8765657620041754 0.5048543689320388 0.15187891440501045 0.0412621359223301
138 0.8434237995824635 0.9235436893203883 0.06784968684759916 0.024271844660194174
67 0.8562108559498957 0.45914239482200647 0.08820459290187892 0.023462783171521034
116 0.8731732776617954 0.7578883495145631 0.10438413361169102 0.03114886731391586
32 0.8643006263048016 0.19741100323624594 0.07828810020876827 0.032362459546925564
85 0.8927453027139874 0.5602750809061489 0.1278705636743215 0.029935275080906147
130 0.8851774530271399 0.8654935275080906 0.10647181628392484 0.027912621359223302
101 0.8840749831657121 0.6516384068032252 0.08134243852216255 0.04766389692285633
7 0.8836116910229646 0.0491504854368932 0.08768267223382047 0.022249190938511326
123 0.8961377870563675 0.7977346278317152 0.09603340292275574 0.03478964401294499
49 0.9144050104384134 0.28499190938511326 0.10855949895615867 0.04975728155339806
16 0.9206680584551147 0.11104368932038836 0.10647181628392482 0.03583417525590567
24 0.9063152400835073 0.15513754045307443 0.07150313152400835 0.023867313915857606
60 0.9138830897703549 0.41646440129449847 0.081419624217119 0.042949009499111936
110 0.9138830897703549 0.7022653721682848 0.07411273486430063 0.03964401294498382
94 0.9420668058455115 0.6045711974110033 0.10647181628392484 0.027912621359223302
139 0.93919624217119 0.9312297734627831 0.087160751565762 0.03317152103559871
68 0.9532881002087683 0.4633899676375405 0.09342379958246347 0.022249190938511326
45 0.5010616961142168 0.2798788102761662 0.10434692208089907 0.055256964067604504
102 0.9583752082227484 0.6485812647341771 0.033649065359889235 0.05304027396978541
120 0.5133140535334845 0.789364402978378 0.08903865481248102 0.05067427468439393
