0 0.07459207459207459 0.06118421052631579 0.12004662004662005 0.03640350877192983
8 0.08100233100233101 0.11337719298245615 0.12237762237762238 0.02675438596491228
86 0.06148018648018648 0.6146929824561403 0.08100233100233101 0.030263157894736843
78 0.06148018648018648 0.5706140350877194 0.07284382284382285 0.02631578947368421
23 0.07400932400932402 0.21052631578947367 0.09324009324009325 0.02631578947368421
16 0.07663170163170163 0.15986842105263158 0.09032634032634032 0.029385964912280703
69 0.06701631701631702 0.5223684210526316 0.06876456876456877 0.02543859649122807
95 0.0743006993006993 0.6684210526315789 0.0775058275058275 0.03859649122807018
61 0.08333333333333333 0.47412280701754383 0.0944055944055944 0.02456140350877193
31 0.07837995337995338 0.2607456140350877 0.08100233100233101 0.025
53 0.09994172494172494 0.42719298245614035 0.12412587412587413 0.02543859649122807
48 0.08216783216783216 0.35986842105263156 0.08391608391608392 0.038157894736842106
103 0.0946969696969697 0.7210526315789474 0.10314685314685315 0.028070175438596492
40 0.10635198135198135 0.3109649122807018 0.12412587412587413 0.02894736842105263
111 0.10606060606060606 0.7701754385964912 0.11888111888111888 0.031578947368421054
117 0.11858974358974358 0.8153508771929825 0.14044289044289043 0.02368421052631579
119 0.12121212121212122 0.8692982456140351 0.13053613053613053 0.028070175438596492
138 0.09731934731934731 0.969078947368421 0.04195804195804196 0.02236842105263158
87 0.14219114219114218 0.6146929824561403 0.054778554778554776 0.041666666666666664
79 0.15996503496503497 0.5682017543859649 0.08100233100233101 0.019736842105263157
70 0.155011655011655 0.5166666666666667 0.06293706293706294 0.02280701754385965
32 0.1622960372960373 0.26096491228070173 0.060023310023310024 0.02894736842105263
96 0.17715617715617715 0.6653508771929825 0.08974358974358974 0.021052631578947368
24 0.18181818181818182 0.20767543859649124 0.08857808857808858 0.02324561403508772
62 0.1885198135198135 0.4706140350877193 0.08100233100233101 0.02631578947368421
139 0.20046620046620048 0.9668859649122807 0.08158508158508158 0.02675438596491228
17 0.2188228438228438 0.15767543859649122 0.11247086247086246 0.02236842105263158
9 0.19493006993006992 0.11030701754385965 0.05536130536130536 0.02236842105263158
104 0.21561771561771562 0.7160087719298246 0.09324009324009325 0.025
131 0.23164335664335664 0.9131578947368421 0.09615384615384616 0.02368421052631579
54 0.24504662004662003 0.42039473684210527 0.12179487179487179 0.02587719298245614
88 0.22668737502578218 0.6098684210526315 0.07108309802580971 0.033771929824561404
41 0.24242424242424243 0.2975877192982456 0.08974358974358974 0.03728070175438596
71 0.2517482517482518 0.5116228070175438 0.09090909090909091 0.029385964912280703
118 0.2406759906759907 0.8109649122807018 0.055944055944055944 0.02456140350877193
80 0.26544289044289043 0.5646929824561403 0.09265734265734266 0.02587719298245614
125 0.2899184149184149 0.8521929824561404 0.13344988344988346 0.037719298245614034
25 0.3175990675990676 0.20219298245614034 0.15384615384615385 0.034210526315789476
2 0.28875291375291373 0.06535087719298245 0.087995337995338 0.02280701754385965
63 0.28088578088578087 0.4710526315789474 0.06876456876456877 0.027192982456140352
10 0.29895104895104896 0.10789473684210527 0.10372960372960373 0.021929824561403508
97 0.2980769230769231 0.6570175438596492 0.09615384615384616 0.03245614035087719
140 0.2977855477855478 0.962938596491228 0.07925407925407925 0.029385964912280703
105 0.3178904428904429 0.7116228070175439 0.09149184149184149 0.02675438596491228
50 0.333041958041958 0.3478070175438597 0.12062937062937062 0.031578947368421054
43 0.31614219114219116 0.6070175438596491 0.07284382284382285 0.02894736842105263
119 0.3557692307692308 0.8019736842105263 0.1252913752913753 0.02850877192982456
42 0.3516899766899767 0.3010964912280702 0.09032634032634032 0.02675438596491228
132 0.34527972027972026 0.9109649122807018 0.07051282051282051 0.02280701754385965
18 0.361013986013986 0.1554824561403509 0.09965034965034965 0.02675438596491228
72 0.36480186480186483 0.5107456140350877 0.1048951048951049 0.02149122807017544
81 0.34702797202797203 0.5570175438596491 0.035547785547785545 0.021052631578947368
55 0.36684149184149184 0.4179824561403509 0.06934731934731934 0.02456140350877193
64 0.41083916083916083 0.4611842105263158 0.1386946386946387 0.04078947368421053
11 0.4195804195804196 0.10592105263157894 0.09906759906759907 0.035526315789473684
98 0.4184149184149184 0.6495614035087719 0.09090909090909091 0.03245614035087719
113 0.4143356643356643 0.756578947368421 0.08158508158508158 0.027192982456140352
90 0.4192890442890443 0.6048245614035088 0.08100233100233101 0.018421052631578946
34 0.4201631701631702 0.2462719298245614 0.06876456876456877 0.0206140350877193
82 0.4583333333333333 0.5554824561403509 0.12878787878787878 0.02587719298245614
106 0.46853146853146854 0.7028508771929824 0.14801864801864803 0.030263157894736843
43 0.45104895104895104 0.28969298245614034 0.07342657342657342 0.035526315789473684
56 0.44871794871794873 0.4037280701754386 0.0675990675990676 0.04517543859649123
19 0.46153846153846156 0.1482456140350877 0.07109557109557109 0.03070175438596491
126 0.48528722028395843 0.8480881623764975 0.14068564836831537 0.027668301541041863
73 0.48921911421911424 0.5010964912280702 0.09382284382284382 0.031140350877192982
120 0.5026223776223776 0.7934210526315789 0.10897435897435898 0.034210526315789476
35 0.4982517482517482 0.23837719298245613 0.06993006993006994 0.033771929824561404
42 0.5122377622377622 0.7513157894736842 0.09090909090909091 0.027192982456140352
91 0.5212703962703963 0.5949561403508772 0.0844988344988345 0.03289473684210526
99 0.5603146853146853 0.6493421052631579 0.14277389277389277 0.02763157894736842
65 0.5495337995337995 0.45723684210526316 0.11188811188811189 0.02236842105263158
12 0.5486596736596736 0.09890350877192983 0.09498834498834499 0.03903508771929825
44 0.5367132867132867 0.29276315789473684 0.06293706293706294 0.02236842105263158
52 0.5442890442890443 0.33881578947368424 0.07459207459207459 0.02236842105263158
20 0.5786713286713286 0.14671052631578949 0.1247086247086247 0.035526315789473684
27 0.5938228438228438 0.19078947368421054 0.09557109557109557 0.02982456140350877
4 0.5865384615384616 0.06184210526315789 0.07284382284382285 0.02456140350877193
83 0.6395687645687645 0.5462719298245614 0.17424242424242425 0.032017543859649125
57 0.5891608391608392 0.5006578947368421 0.07109557109557109 0.02587719298245614
107 0.6003793453782579 0.6986842105263157 0.09149184149184149 0.02719298245614035
121 0.622960372960373 0.7921052631578948 0.09324009324009325 0.02982456140350877
127 0.6334498834498834 0.8375 0.10372960372960373 0.031140350877192982
115 0.7019230769230769 0.7375 0.23135198135198135 0.03464912280701754
45 0.6488927738927739 0.28618421052631576 0.1182983682983683 0.038157894736842106
92 0.6384032634032634 0.5956140350877193 0.09382284382284382 0.02017543859649123
66 0.6666666666666666 0.45 0.10372960372960373 0.02368421052631579
58 0.6657925407925408 0.39342105263157895 0.09615384615384616 0.03859649122807018
13 0.6611305361305362 0.10175438596491228 0.07284382284382285 0.02368421052631579
135 0.6995920745920746 0.8932017543859649 0.12179487179487179 0.033771929824561404
75 0.6800699300699301 0.49407894736842106 0.08041958041958042 0.025
5 0.6844405594405595 0.05526315789473684 0.07983682983682984 0.01929824561403509
100 0.7077505827505828 0.6425438596491229 0.12179487179487179 0.02543859649122807
28 0.696969696969697 0.18092105263157895 0.0944055944055944 0.031140350877192982
37 0.6949300699300699 0.23706140350877192 0.07051282051282051 0.0206140350877193
108 0.7185314685314685 0.6905701754385964 0.08158508158508158 0.02587719298245614
93 0.7835081585081585 0.5901315789473685 0.15326340326340326 0.02675438596491228
14 0.7613636363636364 0.09605263157894736 0.07867132867132867 0.02017543859649123
60 0.7668997668997669 0.49276315789473685 0.07575757575757576 0.02412280701754386
46 0.7747668997668997 0.28092105263157896 0.08566433566433566 0.030263157894736843
67 0.7928321678321678 0.44298245614035087 0.11596736596736597 0.02368421052631579
59 0.7875874125874126 0.3925438596491228 0.09965034965034965 0.03859649122807018
6 0.789918414918415 0.05350877192982456 0.09848484848484848 0.02543859649122807
84 0.7887529137529138 0.5407894736842105 0.09149184149184149 0.02368421052631579
38 0.7942890442890443 0.22916666666666666 0.09324009324009325 0.02324561403508772
29 0.8304195804195804 0.18399122807017543 0.13286713286713286 0.02763157894736842
136 0.8243006993006993 0.8923245614035088 0.08216783216783216 0.03289473684210526
109 0.8455710955710956 0.681359649122807 0.12237762237762238 0.04254385964912281
101 0.8362470862470862 0.6375 0.0979020979020979 0.029385964912280703
22 0.8493589743589743 0.13815789473684212 0.07400932400932402 0.03333333333333333
123 0.8758741258741258 0.7826754385964912 0.10372960372960373 0.02412280701754386
77 0.9012237762237763 0.48289473684210527 0.14976689976689977 0.03245614035087719
116 0.872960372960373 0.7379385964912281 0.07925407925407925 0.02324561403508772
47 0.8802447552447552 0.2800438596491228 0.08916083916083917 0.029385964912280703
39 0.888986013986014 0.22763157894736843 0.07867132867132867 0.028070175438596492
129 0.8994755244755245 0.8285087719298245 0.087995337995338 0.031578947368421054
7 0.8930652680652681 0.048903508771929824 0.07284382284382285 0.02149122807017544
85 0.9213286713286714 0.5364035087719298 0.12121212121212122 0.02456140350877193
68 0.9222027972027972 0.4357456140350877 0.1148018648018648 0.02149122807017544
60 0.9058857808857809 0.3945175438596491 0.0775058275058275 0.02587719298245614
94 0.9300699300699301 0.5842105263157895 0.09557109557109557 0.02280701754385965
137 0.9283216783216783 0.8820175438596491 0.08391608391608392 0.043859649122807015
102 0.9332750582750583 0.6267543859649123 0.06118881118881119 0.02982456140350877
30 0.9498834498834499 0.17324561403508773 0.07575757575757576 0.02368421052631579
110 0.9586247086247086 0.6745614035087719 0.07109557109557109 0.034210526315789476
1 0.18935760053493222 0.06334936868780484 0.06627579963269017 0.03830426943913781
3 0.441205639139155 0.05303668076188313 0.13764973769866426 0.04125075170368688
15 0.8745474059682831 0.09281419133329545 0.12541420545878287 0.03830426943913779
21 0.7236425083430809 0.13848466643380594 0.13968899307197782 0.04125075170368689
26 0.4498724744757375 0.19594107059251267 0.0774917041859147 0.04419723396823595
33 0.27449651237077266 0.24824113078825855 0.1305123438920668 0.04567047510051045
36 0.5910909090777005 0.2364552017300623 0.08055058724588497 0.04567047510051049
49 0.18884778669160387 0.3535778717458875 0.11011979015893138 0.04714371623278503
51 0.44579396372911045 0.33958208098927944 0.07545244881260113 0.042723992835961365
57 0.5538744985147283 0.40219482911094706 0.08768798105248239 0.04419723396823595
112 0.2648100493475334 0.7609290448197953 0.16619931292505385 0.036831028306863293
123 0.7414859928595743 0.787447385200737 0.12439457777212623 0.05156343962960861
128 0.7776827757358896 0.837537583698071 0.12745346083209652 0.042723992835961455
130 0.10166961948244986 0.9170926048408957 0.10094314097902043 0.030938063777764962
133 0.45700986828233486 0.901623572952013 0.09380574717242306 0.047143716232784946
134 0.5630511476946393 0.8994137112536011 0.07137393806597404 0.06040288642325577
141 0.39838127629957054 0.9568701154123078 0.09482537485907976 0.03977751057141229
