95 0.04133266533066132 0.6677756653992395 0.07665330661322645 0.04277566539923954
67 0.053356713426853705 0.5087927756653993 0.0906813627254509 0.040519378805874334
50 0.058006435054103515 0.39950781491038523 0.0895886898901467 0.048156630236545775
59 0.06821156274087002 0.4524337430137804 0.12260695136616007 0.05158761237882169
0 0.0781563126252505 0.09576996197718632 0.13026052104208416 0.03849809885931559
85 0.0686372745490982 0.6140684410646385 0.11122244488977956 0.03487789215095301
16 0.0688877755511022 0.19771863117870722 0.11072144288577154 0.025665399239543727
60 0.036322645290581164 0.5567965779467681 0.045591182364729456 0.028041825095057035
8 0.0750614812442711 0.15021404900862778 0.13894873401081284 0.04836069303139446
33 0.08282845595209821 0.3005076572107349 0.13601300638204147 0.059667021747689925
135 0.06672636628171395 0.9304881162445406 0.11523046092184369 0.04134980988593156
41 0.0665581972244104 0.34912806391432777 0.09631536090919081 0.043580668523886416
111 0.0841683366733467 0.7799429657794676 0.1312625250501002 0.03994251416227258
24 0.053356713426853705 0.2502376425855513 0.0656312625250501 0.03184410646387833
126 0.06507925898042623 0.8813772185395259 0.11060336101529158 0.04285637435200043
118 0.04228879113672483 0.8307980734974567 0.05059839422244233 0.03540442195930566
104 0.12374749498997996 0.7236216730038023 0.09418837675350701 0.036425720969258286
25 0.16482965931863727 0.24667300380228138 0.1432865731462926 0.04467680608365019
96 0.13602204408817636 0.6692015209125477 0.08366733466933868 0.03393160769205537
77 0.1486359135453078 0.5547518276212373 0.1552370599688727 0.042047597522556046
51 0.14265157757474645 0.3998259930404647 0.0706566098160926 0.03184410646387833
68 0.1625751503006012 0.506416349809886 0.09869739478957916 0.04033324838288765
42 0.17145966437598742 0.3534500044667358 0.07897529567585888 0.04022054156918817
127 0.17660320641282565 0.8816539923954373 0.08366733466933868 0.03326996197718631
119 0.14945967458241755 0.8286599662108214 0.12775336318516511 0.03802339059890534
136 0.18512024048096193 0.9284695817490495 0.08366733466933868 0.046102661596958174
1 0.18891120963925276 0.09505703422053231 0.07932404574147588 0.0379686149090298
9 0.18862725450901804 0.15185361216730037 0.07264529058116233 0.02423954372623574
60 0.17535070140280562 0.4541349809885932 0.04408817635270541 0.025190114068441065
17 0.21168225609534888 0.19936522230682702 0.11177279832734105 0.03759630289264929
86 0.17230385592236255 0.6121673003802282 0.07101153799166658 0.03853966891403511
112 0.2464929859719439 0.7804182509505704 0.1523046092184369 0.04274843073800181
34 0.20440881763527052 0.30228136882129286 0.05808374616324734 0.047983711769517205
52 0.2219438877755511 0.4004277566539924 0.06813627254509018 0.02709125475285171
105 0.2332164328657315 0.7212452471482892 0.10228988887667545 0.038821266383148915
61 0.2502305738501699 0.4488470160553981 0.06481351508275497 0.026513037126291675
120 0.27392288250590363 0.8255703422053233 0.09108593947475319 0.04273365182723947
78 0.27724750391453296 0.5595525492126372 0.07866123941049141 0.048049555734247955
2 0.28306613226452904 0.10432509505703422 0.08617234468937876 0.04236733367884021
137 0.2617735470941884 0.9308460076045627 0.0435871743486974 0.03184410646387833
10 0.2969673321646449 0.15014224418806774 0.108174543225908 0.03476069023307353
35 0.281563126252505 0.2972908745247148 0.07214428857715431 0.034695817490494295
26 0.27955911823647295 0.24904942965779472 0.06613226452905811 0.03040053319954253
43 0.27605210420841686 0.3429182509505703 0.05811623246492986 0.04515209125475285
128 0.3023547094188377 0.8856939163498099 0.10971943887775551 0.02423954372623574
69 0.2747995991983968 0.5083174904942965 0.04959919839679359 0.03499961318553555
98 0.3306613226452906 0.660171102661597 0.09919839679358718 0.0370722433460076
138 0.3166332665330661 0.9408269961977186 0.06012024048096192 0.022338403041825095
88 0.32855841719971923 0.6128446475013337 0.0841683366733467 0.040350819510240846
106 0.36277733298259696 0.7237976520679663 0.13996543705758158 0.051313302361401074
18 0.348367603652189 0.20386352446156272 0.09554496075750817 0.03649933604689274
70 0.3374248496993988 0.5061787072243344 0.053607214428857713 0.03311098140750471
79 0.3795257819147083 0.5555772592795887 0.08890719827382457 0.040921744473130496
36 0.37925851703406815 0.2985720854020158 0.0811623246492986 0.055322124595194824
113 0.37324649298597196 0.780893536121673 0.06412825651302605 0.029467680608365018
44 0.36111384782385153 0.35286149966777297 0.06868446258522212 0.03786529228480346
27 0.39629258517034066 0.24453422053231938 0.1062124248496994 0.03374524714828897
3 0.41145088347836767 0.09471763481214443 0.14040628843448005 0.039577367790181936
53 0.35373217479539815 0.4002167995451023 0.09992476853585912 0.03902629783178962
139 0.4040581162324649 0.9498574144486692 0.09569138276553106 0.030893536121673004
121 0.4033066132264529 0.8360266159695817 0.08917835671342686 0.027566539923954372
129 0.4119278486915752 0.8894150802145204 0.09268784165040476 0.04594545803867393
11 0.41114510661899495 0.14660154034498443 0.10429562950433693 0.0399951619257713
43 0.42409819639278556 0.6078897338403042 0.06362725450901803 0.034220532319391636
63 0.44540541292260427 0.4497417801348734 0.08057656556562752 0.037025809303648655
45 0.46142284569138275 0.34767110266159695 0.10721442885771543 0.04134980988593156
71 0.4461422845691383 0.5 0.07364729458917836 0.04847908745247148
19 0.4468937875751503 0.20152091254752852 0.06613226452905811 0.031098856356740336
42 0.46288423652298255 0.7792366721593446 0.10964432230492298 0.04404941966362088
99 0.5025050100200401 0.6758555133079848 0.15731462925851702 0.028517110266159697
54 0.4977454909819639 0.3928231939163498 0.1377755511022044 0.04417179478674022
80 0.4705077163909475 0.5575095057034222 0.07701523687250977 0.04235040690444619
37 0.4943981827941889 0.2958305878870985 0.0925470471973644 0.05300177184988158
28 0.49673969177456584 0.23788673700801966 0.06713426853707415 0.04103250162481134
122 0.5089763472626783 0.8328306768660849 0.08864042527858616 0.0511408984143246
107 0.5049541276857064 0.7278814492259525 0.11140308209971472 0.04364939881324148
90 0.5055110220440882 0.6119296577946769 0.0591182364729459 0.035562420999164214
130 0.5123011490263815 0.8899323516193742 0.07880566099564604 0.03069115406516446
140 0.5052627193578384 0.9465304182509505 0.07378683174562897 0.03261550114171803
12 0.5405811623246493 0.14638783269961977 0.09118236472945891 0.029467680608365018
4 0.523493745093387 0.1041553953528403 0.06415424682025671 0.03839275936660782
72 0.5857728076466024 0.5054657794676806 0.11472945891783567 0.03554700290193958
20 0.5685841417577486 0.1993842989012791 0.14479482267674837 0.0434164675934144
115 0.623997995991984 0.783032319391635 0.18887775551102204 0.02994296577946768
81 0.5490981963927856 0.558222433460076 0.0280561122244489 0.03561875158536225
64 0.6077154308617234 0.44843155893536124 0.1402805611222445 0.036596958174904944
38 0.597194388777555 0.2939638783269963 0.09519038076152304 0.040783714919166464
91 0.593937875751503 0.6045627376425855 0.06963927855711423 0.04847908745247148
141 0.5977862922144563 0.952432351619374 0.0787514791716768 0.04608225036494802
131 0.5996993987975952 0.8951996197718631 0.06813627254509018 0.030893536121673004
29 0.6227948344513828 0.24572243346007627 0.1158369120440514 0.05312806281608363
82 0.6258850986318115 0.5592484835541882 0.10470941883767534 0.04005870384068736
5 0.6233398807313998 0.10076045627376427 0.09120485102202226 0.03226041126196974
55 0.6152304609218436 0.39496197718631176 0.05711422845691383 0.026615969581749048
123 0.6267535070140281 0.8336501901140685 0.06813627254509018 0.030418250950570342
100 0.6405310621242485 0.6794201520912547 0.0906813627254509 0.030893536121673004
108 0.6420114797893043 0.7267110266159696 0.08210922342145997 0.03725894800973278
13 0.6518036072144289 0.1490019011406844 0.09118236472945891 0.025190114068441065
46 0.6491601302777575 0.3404459752512299 0.08264340985872352 0.05383896821467097
132 0.6893787575150301 0.8999524714828897 0.07515030060120241 0.02899239543726236
56 0.7039078156312625 0.38854562737642584 0.0811623246492986 0.03374524714828897
92 0.6792030711924896 0.6099267602874298 0.09215504601905507 0.03281646983679523
119 0.7293406182706125 0.8416944573872654 0.1256924935855557 0.042797744019785575
39 0.6913707870409811 0.29289532150137115 0.06402452213567274 0.036171291305270394
21 0.7286057370744828 0.19402561016572226 0.13629059329375293 0.041538777112486124
65 0.746387754796161 0.4524035400083766 0.1121448214299808 0.04063372724516506
6 0.7548917204750205 0.0971869223316073 0.12872528354290438 0.03646298577022322
47 0.7414829659318637 0.34838403041825095 0.08316633266533066 0.030418250950570342
73 0.7314883171025803 0.5110973967003524 0.11087236945157 0.04184104029475158
14 0.7523152322081501 0.14400923722039405 0.09632747122194714 0.034274247685765036
30 0.7576738068165529 0.2378520016206253 0.09418837675350701 0.028422133118328176
116 0.7690380761523046 0.7875475285171103 0.07414829659318638 0.02091254752851711
93 0.8013527054108216 0.62143536121673 0.12675350701402804 0.02899239543726236
101 0.7900801603206413 0.6770437262357415 0.10120240480961924 0.02423954372623574
109 0.8036072144288577 0.7312262357414449 0.11422845691382766 0.03374524714828897
133 0.7869167470432373 0.896667461518922 0.09154611945813862 0.0411719035490088
83 0.8002268365967842 0.566777566539924 0.19068197893650293 0.04960107270466699
57 0.8136272545090181 0.3985266159695818 0.08817635270541083 0.03184410646387833
57 0.8427138733722971 0.5149236130093605 0.08485125285018064 0.041893537011646186
40 0.8604647868728778 0.29632308862035545 0.1264415532726466 0.04490205225601289
22 0.8454567387900408 0.19460534262635326 0.0811623246492986 0.04346912434488126
48 0.8484468937875751 0.34695817490494296 0.08366733466933868 0.04467680608365019
15 0.8864812810561975 0.14590603865737964 0.1470482550877752 0.044671513162934315
31 0.8520703037959119 0.2421577946768061 0.07429747019356013 0.045564982178619186
117 0.8966921222131171 0.7873338208717457 0.1473427376572112 0.038754872351450254
125 0.8916368302938514 0.8448024846642413 0.13899912250159846 0.04515209125475285
66 0.8810120240480962 0.4498574144486693 0.10971943887775551 0.04414822470129273
7 0.8897795591182365 0.09743346007604563 0.09218436873747494 0.021863117870722433
102 0.8677354709418837 0.6656368821292775 0.04008016032064128 0.03374524714828897
134 0.8957915831663327 0.8982889733840305 0.08016032064128256 0.051330798479087454
58 0.9044932397899771 0.38902091254752846 0.09217511526404933 0.041307090591184314
94 0.9395131305707456 0.615494296577947 0.06476257995823234 0.04138843897725131
110 0.9173354469353207 0.7238593155893537 0.059619238476953905 0.0448993836127539
49 0.9441185537454874 0.3386406844106465 0.1055791124460238 0.05097915144848487
75 0.9491482965931863 0.5076045627376427 0.10170340681362727 0.037126180065309364
103 0.9368753026882765 0.6768858836975906 0.0928829676284027 0.0445598205230568
23 0.9493449037134991 0.1930598124121118 0.10552858973692983 0.04266337097896303
32 0.9488977955911824 0.24025665399239543 0.0531062124248497 0.02899239543726236
84 0.9521624371502776 0.5697640337542147 0.0826679817869372 0.037600072226961406
62 0.3328777910409568 0.45082224384201364 0.07334738835753601 0.037879782924118845
87 0.24304600562601153 0.6138343087643666 0.06411957003794388 0.041865729101380776
97 0.22624917121502758 0.6638143047952819 0.08660793314534013 0.05779467721844072
