126 0.05318627450980392 0.8744725738396625 0.1053921568627451 0.04113924050632911
100 0.06323529411764708 0.7014205830305755 0.12450980392156868 0.07439617981401178
136 0.03872549019607843 0.939873417721519 0.07254901960784314 0.04113924050632911
109 0.05514705882352941 0.7639767932489452 0.10147058823529412 0.05010548523206751
117 0.05955882352941176 0.8264767932489452 0.10735294117647058 0.04219409282700422
82 0.06666666666666667 0.5875527426160337 0.11764705882352941 0.03375527426160337
91 0.04387254901960784 0.635548523206751 0.07107843137254902 0.05063291139240506
49 0.05367647058823529 0.31751054852320676 0.08970588235294118 0.052742616033755275
53 0.06568514605247552 0.42743597886020535 0.11323529411764709 0.04965802214297819
72 0.05906862745098039 0.5292721518987342 0.09362745098039216 0.030063291139240507
63 0.04779411764705882 0.48285864978902954 0.06813725490196078 0.03639240506329114
38 0.0517156862745098 0.2766350210970464 0.06911764705882353 0.02689873417721519
28 0.05955882352941176 0.22231012658227847 0.07794117647058824 0.04061181434599156
19 0.05857843137254902 0.17563291139240506 0.0661764705882353 0.04746835443037975
10 0.07918049022938721 0.13001054852320676 0.11615525014068948 0.034617385101057475
0 0.08648146406847752 0.07791277514185138 0.11617647058823531 0.04507827755250997
137 0.11372549019607843 0.9372362869198312 0.058823529411764705 0.04430379746835443
92 0.12745098039215688 0.641613924050633 0.0735294117647059 0.04645924060599612
39 0.12083333333333333 0.2790084388185654 0.057352941176470586 0.028481012658227847
20 0.15808823529411764 0.17827004219409281 0.11911764705882352 0.04746835443037975
29 0.14975490196078434 0.2297689038039363 0.09362745098039219 0.048930049087908
50 0.15637254901960784 0.32779535864978904 0.09215686274509804 0.0469409282700422
127 0.15637254901960784 0.8794831223628692 0.07941176470588235 0.04377637130801688
110 0.14803921568627454 0.7708333333333333 0.05980392156862746 0.056894714103627064
73 0.17524509803921567 0.5287447257383966 0.08676470588235294 0.04377637130801688
101 0.17352941176470588 0.7128164556962026 0.08137254901960786 0.05800536832894971
83 0.20340372542357857 0.584274094527704 0.14117647058823535 0.04912930355369163
11 0.18552539212355398 0.12559039352808316 0.0849579886218232 0.04905063291139242
118 0.1676470588235294 0.8299050632911392 0.04803921568627451 0.030063291139240507
138 0.16642156862745097 0.9488396624472574 0.03284313725490196 0.024261603375527425
1 0.1801470588235294 0.07093881856540084 0.052450980392156864 0.041666666666666664
40 0.20465686274509803 0.2811181434599156 0.09852941176470588 0.035864978902953586
93 0.23235294117647062 0.6479430379746837 0.11372549019607844 0.05636731464557548
111 0.24387254901960786 0.7784810126582279 0.10245098039215687 0.05713404703307461
139 0.22941176470588234 0.9580696202531646 0.0696078431372549 0.041666666666666664
119 0.2568627450980392 0.8372890295358649 0.10980392156862745 0.03850210970464135
30 0.24166666666666675 0.22435686385588322 0.06666666666666668 0.04228911111668518
2 0.2428921568627451 0.07436708860759493 0.0661764705882353 0.04158273595097985
51 0.2375 0.33122362869198313 0.055392156862745096 0.03375527426160337
128 0.27009803921568626 0.8939873417721519 0.09313725490196079 0.03375527426160337
57 0.26004901960784316 0.5329641350210971 0.06519607843137255 0.03533755274261603
21 0.2803921568627451 0.16798523206751054 0.10392156862745099 0.04061181434599156
102 0.24558823529411763 0.7038502109704642 0.03333333333333333 0.0490506329113924
65 0.30196078431372547 0.48496835443037983 0.12549019607843137 0.04816062307585606
12 0.28284313725490196 0.12447257383966245 0.07254901960784314 0.049578059071729956
55 0.29414529418426477 0.43073011450173015 0.0647058823529412 0.05297709260125657
41 0.31199598035884807 0.27063258762091014 0.08676470588235295 0.04272151898734177
103 0.3267156862745098 0.7165084388185654 0.10147058823529413 0.07117904618451397
52 0.3031862745098039 0.32858649789029537 0.052450980392156864 0.03481012658227848
140 0.31519607843137254 0.955168776371308 0.07450980392156863 0.039029535864978905
31 0.3213235294117648 0.22600210970464135 0.075 0.038611743178885584
84 0.32450980392156864 0.5885564711781499 0.07745098039215689 0.061939988202437395
3 0.34372727671543646 0.06527187535137657 0.10980392156862746 0.0610431740711299
75 0.34362745098039216 0.5268987341772152 0.08823529411764706 0.02531645569620253
94 0.3411764705882353 0.6524261603375527 0.0823529411764706 0.05704694418901017
112 0.3772841186387126 0.7772415611814351 0.1323529411764706 0.047849527951511046
120 0.3637254901960784 0.832542194092827 0.0803921568627451 0.051160337552742616
129 0.3553921568627451 0.8900316455696202 0.061764705882352944 0.03639240506329114
13 0.37450980392156863 0.12473628691983123 0.09019607843137255 0.034282700421940926
56 0.3627450980392157 0.4258966244725738 0.06372549019607843 0.0490506329113924
22 0.3809376471920587 0.17220464135021107 0.06764705882352942 0.06639127855048776
34 0.4022058823529412 0.2819092827004219 0.07303921568627451 0.03955696202531646
141 0.40147058823529413 0.9578059071729957 0.07156862745098039 0.039029535864978905
32 0.39877450980392165 0.22916666666666666 0.07006911898003465 0.036392405063291146
66 0.4291666666666667 0.484704641350211 0.11225490196078433 0.03655429783036733
104 0.432107843137255 0.7180907172995782 0.08872549019607845 0.07415144994382016
60 0.4198529411764706 0.5282172995780591 0.055392156862745096 0.030063291139240507
85 0.441366274376569 0.5899380039467392 0.10245098039215689 0.04801699586997879
130 0.4311274509803922 0.8997890295358649 0.07107843137254902 0.03164556962025317
95 0.4441176470588235 0.6550632911392406 0.08431372549019608 0.05485232067510549
57 0.4333333333333334 0.43591772151898733 0.06176470588235295 0.05506393590365046
121 0.4522058823529412 0.8457278481012658 0.0838235294117647 0.03850210970464135
4 0.44068627450980397 0.06645569620253165 0.05882352941176471 0.05164779083776023
23 0.4634803921568629 0.1740506329113924 0.08284313725490196 0.042477759686571075
14 0.46127450980392165 0.1228902953586498 0.06862745098039218 0.04239031044550358
33 0.5098177451313481 0.2196100284128452 0.1294117647058824 0.04610111053334442
43 0.478921568627451 0.2697784810126582 0.06274509803921569 0.05327004219409283
113 0.4960784313725491 0.7848101265822784 0.07647058823529414 0.057292441764930306
77 0.5411764705882353 0.5282172995780591 0.14705882352941177 0.044831223628691984
131 0.508578431372549 0.9042721518987342 0.07401960784313726 0.037447257383966245
5 0.5164215686274511 0.06513713080168776 0.0714215005053519 0.05091053136502117
105 0.5343137254901961 0.7186181434599155 0.08921568627450982 0.06405651597750499
67 0.5431372549019607 0.48575949367088606 0.1 0.028481012658227847
96 0.5350490196078431 0.6606012658227848 0.08186274509803922 0.051282835233325524
15 0.5647058823529412 0.1252637130801688 0.11960784313725492 0.04714663675167641
86 0.5438725490196078 0.5830696202531646 0.075 0.04061181434599156
24 0.5411764705882353 0.17457805907173 0.05980392156862746 0.03808715165136885
122 0.5651960784313725 0.8409810126582279 0.10784313725490197 0.0469409282700422
44 0.5453431372549019 0.27979957805907174 0.054411764705882354 0.03322784810126582
42 0.5850490196078432 0.7885021097046415 0.08186274509803922 0.04465923431193601
132 0.5919117647058824 0.9095464135021097 0.06715686274509804 0.041666666666666664
6 0.6142156862745098 0.06935654008438819 0.1110995324662772 0.05564998354516127
25 0.644076176370662 0.1704216171567751 0.13823529411764707 0.044831223628692
45 0.6328431372549019 0.277162447257384 0.10294117647058823 0.054324894514767935
59 0.6399509803921568 0.4272151898734177 0.11715686274509804 0.06329113924050633
97 0.6375 0.6489978902953587 0.08676470588235294 0.05748945147679325
34 0.6365196078431372 0.22494725738396623 0.07107843137254902 0.030063291139240507
106 0.6843137254901962 0.7246835443037974 0.16666666666666669 0.07063334700787999
68 0.6541666666666667 0.4860232067510549 0.10147058823529413 0.04473797358380827
78 0.657843137254902 0.5366561181434599 0.06568627450980392 0.03533755274261603
16 0.6767156862745098 0.11840717299578059 0.09656862745098041 0.0441907788696357
123 0.6664215686274509 0.8420358649789029 0.07303921568627451 0.0469409282700422
133 0.6779411764705883 0.8997890295358649 0.08823529411764706 0.04535864978902954
115 0.7316176470588236 0.7900843881856539 0.175 0.05533884755075479
7 0.7107843137254903 0.06619198312236288 0.07254901960784316 0.05365804697928395
35 0.7233119608509315 0.21596916904904137 0.09166666666666669 0.049578059071729956
98 0.7365196078431373 0.6463607594936709 0.10049019607843138 0.04588607594936709
46 0.7269607843137255 0.2774891277052984 0.06666666666666668 0.047995780590717296
60 0.7350490196078432 0.42800632911392406 0.052450980392156864 0.031118143459915613
69 0.7463235294117647 0.48391350210970463 0.07107843137254902 0.03322784810126582
119 0.7791666666666667 0.8546940928270043 0.12009803921568628 0.041666666666666664
26 0.756779803721716 0.1695675105485232 0.06948343660795601 0.031118143459915613
17 0.7990196078431373 0.11577004219409283 0.12745098039215685 0.04272151898734177
134 0.7732843137254902 0.8997890295358649 0.07107843137254902 0.04430379746835443
43 0.7850490196078431 0.5854430379746836 0.07401960784313726 0.04852320675105485
8 0.8120098039215686 0.0635548523206751 0.11632450005839637 0.05913568031940826
61 0.8009803921568628 0.42141350210970463 0.06862745098039216 0.03059071729957806
47 0.8107843137254903 0.27900843881856546 0.07941176470588236 0.05347162623110247
36 0.8196078431372549 0.2141350210970464 0.08529411764705883 0.049578059071729956
107 0.8338235294117649 0.7191455696202533 0.1 0.05953523525444428
70 0.8198529411764707 0.4770569620253164 0.06323529411764706 0.03793681983564422
99 0.8781309802589219 0.6519735451541472 0.16127450980392158 0.05890529137634856
27 0.8720726470921325 0.16038867650117516 0.10980392156862746 0.05122479244078674
135 0.8901960784313725 0.9034810126582279 0.12941176470588237 0.05590717299578059
116 0.8823529411764706 0.7919303797468354 0.09019607843137255 0.0290084388185654
90 0.8794117647058824 0.5888713080168777 0.07843137254901962 0.053615702822069886
62 0.8897058823529411 0.41877637130801687 0.09019607843137255 0.03375527426160337
125 0.928186274509804 0.8433544303797469 0.14362745098039215 0.05590717299578059
48 0.904656862745098 0.2782172995780591 0.08186274509803922 0.054324894514767935
71 0.9115196078431372 0.46677215189873417 0.0946078431372549 0.04219409282700422
81 0.8899509803921568 0.5295358649789029 0.03872549019607843 0.02531645569620253
37 0.9159313725490196 0.21334388185654007 0.08676470588235294 0.03639240506329114
9 0.9100490196078433 0.05617088607594938 0.07179273626200217 0.05554053607782717
18 0.9279411764705883 0.1060126582278481 0.09803921568627451 0.04008438818565401
54 0.19362432085249298 0.4270355164094323 0.12235322264896839 0.05811077515182465
58 0.5231816813671007 0.4297654794052635 0.09345627764082941 0.05387977797498891
64 0.17312335660727463 0.4808080828265606 0.1310476920519791 0.04536366594119627
79 0.7399207082362583 0.5347619698180625 0.0855025518841631 0.04282751582627328
80 0.8264174758400046 0.5347619698180625 0.0775488261274968 0.04559058136345214
87 0.6221061454656385 0.5886417477930513 0.06462402177291396 0.05111671243781018
88 0.7006491873127184 0.5886417477930515 0.08450833616457981 0.05387977797498891
108 0.946195340854247 0.7199267397030259 0.0721010132656152 0.06679295751274908
