0 0.07418893129770993 0.08104066985645933 0.11975190839694656 0.025717703349282296
103 0.06440839694656489 0.628438995215311 0.0982824427480916 0.023026315789473683
112 0.06750954198473283 0.6794258373205742 0.14291914847907922 0.03166580710487844
9 0.048187022900763356 0.1278409090909091 0.06297709923664122 0.020035885167464115
18 0.060114503816793896 0.17703349282296652 0.08587786259541985 0.025119617224880382
36 0.05568975226027424 0.2720895359654215 0.08015267175572519 0.05386879537851859
128 0.0579675572519084 0.7870813397129187 0.07872137404580153 0.025717703349282296
53 0.07442748091603053 0.40460526315789475 0.11068702290076336 0.019138755980861243
93 0.07585877862595419 0.5805921052631579 0.11259541984732824 0.023624401913875596
119 0.06822519083969465 0.7317583732057417 0.09541984732824428 0.02332535885167464
83 0.0868320610687023 0.531549043062201 0.1316793893129771 0.023624401913875596
26 0.05224236641221374 0.21979665071770335 0.061545801526717556 0.017344497607655503
73 0.0625 0.4889354066985646 0.08015267175572519 0.022129186602870814
46 0.06536259541984733 0.33582535885167464 0.08206106870229007 0.02631578947368421
64 0.09208015267175572 0.44871411483253587 0.1297709923664122 0.03379186602870814
137 0.05868320610687023 0.8350777511961722 0.05057251908396947 0.027811004784688995
138 0.13024809160305342 0.8386662679425837 0.05057251908396947 0.01644736842105263
27 0.15291030534351144 0.21949760765550239 0.0892175572519084 0.028110047846889953
57 0.14265267175572519 0.49521531100478466 0.0648854961832061 0.019736842105263157
129 0.13979007633587787 0.7796052631578947 0.05534351145038168 0.023923444976076555
10 0.144187588165065 0.12679425837320576 0.1063630707779674 0.02344360863879486
37 0.15577290076335878 0.2854366028708134 0.08062977099236641 0.026614832535885168
47 0.16006679389312978 0.34075956937799046 0.07395038167938932 0.02541866028708134
19 0.15935114503816794 0.17538875598086123 0.06393129770992366 0.021830143540669856
94 0.1719942748091603 0.5820873205741627 0.07108778625954199 0.019437799043062202
104 0.1786736641221374 0.6291866028708134 0.08444656488549618 0.022727272727272728
120 0.1922709923664122 0.7289174641148325 0.10019083969465649 0.0325956937799043
1 0.17270992366412213 0.0798444976076555 0.04389312977099236 0.020933014354066987
54 0.2072996183206107 0.4034090909090909 0.11211832061068702 0.017942583732057416
113 0.18587648714210916 0.6821172248803827 0.060966392229760726 0.022727272727272728
84 0.20825381679389313 0.5414174641148325 0.08158396946564886 0.019437799043062202
65 0.23091603053435114 0.45379784688995217 0.11354961832061068 0.023026315789473683
75 0.22662213740458015 0.4944677033492823 0.07633587786259542 0.017643540669856458
130 0.22924618320610687 0.7887260765550239 0.06536259541984733 0.02242822966507177
139 0.21250137545331071 0.8415511253909533 0.0758285518407465 0.02511961722488038
48 0.24093918699597253 0.3397129186602871 0.07325853686601277 0.03229665071770335
38 0.24689885496183206 0.28379186602870815 0.08062977099236641 0.017942583732057416
28 0.25166984732824427 0.22742224880382775 0.07585877862595419 0.02900717703349282
2 0.25073474359798276 0.08465116078160109 0.06998305520197605 0.020933014354066987
95 0.2564408396946565 0.5867224880382775 0.07776717557251908 0.03229665071770335
11 0.2544438462995405 0.12813995215311003 0.08301526717557252 0.03541370322944735
105 0.2678912213740458 0.6311303827751196 0.08444656488549618 0.021830143540669856
42 0.2699345492395151 0.6821611732378432 0.07036894626190977 0.03809228082772802
121 0.28576334800507064 0.7349202995375819 0.07274525319393534 0.027708525038794136
55 0.29842557251908397 0.4084928229665072 0.0491412213740458 0.022727272727272728
60 0.30343511450381677 0.5016447368421053 0.05725190839694656 0.024820574162679427
140 0.3077290076335878 0.8419557416267942 0.06202290076335878 0.024820574162679427
20 0.27653221937049477 0.1768400229344055 0.11623045951968923 0.03073624475845848
85 0.32434295695963533 0.5485944976076556 0.09621931055258401 0.025254691648326253
131 0.3074863855231114 0.7910964468739013 0.06774809160305344 0.023026315789473683
39 0.32156488549618323 0.28723086124401914 0.061068702290076333 0.023026315789473683
96 0.3315648747226279 0.5873425483414095 0.06936457546128004 0.019736842105263157
66 0.35615458015267176 0.45947966507177035 0.10543893129770993 0.024222488038277513
49 0.35327288998980344 0.3413137071449318 0.08284229153355198 0.04248415037758058
3 0.37998637474955604 0.0837540315949982 0.13740458015267168 0.04453149257411922
29 0.343853618699416 0.2326774765710748 0.08781647106253875 0.03818280913278555
115 0.4098282442748092 0.680622009569378 0.16412213740458015 0.03110047846889952
12 0.3738072519083969 0.12828947368421054 0.08349236641221373 0.026913875598086126
56 0.3711832061068702 0.40131578947368424 0.0715648854961832 0.02930622009569378
77 0.41173664122137404 0.5019437799043063 0.14122137404580154 0.0325956937799043
122 0.3990935114503817 0.7340011961722488 0.09780534351145038 0.028409090909090908
21 0.41770038167938933 0.17957535885167464 0.12356870229007634 0.030203349282296652
141 0.3955152671755725 0.8464413875598086 0.07442748091603053 0.03319377990430622
40 0.4222328244274809 0.28648325358851673 0.11259541984732824 0.025717703349282296
132 0.40314885496183206 0.7939593301435407 0.06297709923664122 0.02631578947368421
106 0.3970229438575797 0.6385008861565035 0.14511491499057527 0.03142260269391517
86 0.43225190839694655 0.5458371875116561 0.06870229007633585 0.0396534434237654
30 0.44036259541984735 0.2311602870813397 0.08015267175572519 0.017344497607655503
50 0.46564885496183206 0.34105861244019137 0.08874045801526717 0.026016746411483254
57 0.45133587786259544 0.4083433014354067 0.060114503816793896 0.02242822966507177
67 0.46350190839694655 0.4605263157894737 0.08349236641221373 0.019138755980861243
13 0.46946564885496184 0.13666267942583732 0.08396946564885496 0.0215311004784689
133 0.47844601039474977 0.7878289473684209 0.07744264332497529 0.03199760765550239
97 0.4854484732824427 0.5915071770334929 0.0825381679389313 0.028110047846889953
4 0.5019083969465649 0.0916566985645933 0.08015267175572519 0.021830143540669856
123 0.4937977099236641 0.7344497607655502 0.06202290076335878 0.03110047846889952
87 0.504490180769894 0.5444738172730329 0.05629770992366412 0.04838609850698053
107 0.5264790076335878 0.6415968899521531 0.07872137404580153 0.028409090909090908
58 0.5333969465648855 0.40370813397129185 0.07824427480916031 0.02930622009569378
78 0.5267175572519084 0.5044856459330144 0.0648854961832061 0.017942583732057416
31 0.5293416030534351 0.23714114832535885 0.05868320610687023 0.026913875598086126
116 0.5276717557251909 0.6863038277511961 0.05152671755725191 0.014354066985645933
22 0.5294029597746537 0.18432039720944068 0.05534351145038168 0.04660551736758874
51 0.5462595312111777 0.33930830242444615 0.07490773116618292 0.03056292236215254
68 0.5684637404580153 0.461872009569378 0.10734732824427481 0.020035885167464115
14 0.5596374045801527 0.13337320574162678 0.0715648854961832 0.01674641148325359
98 0.5813454198473282 0.5933014354066986 0.09971374045801527 0.029904306220095694
119 0.5844465648854962 0.7354964114832536 0.10400763358778627 0.02242822966507177
88 0.5694179389312977 0.5454545454545454 0.06536259541984733 0.03229665071770335
41 0.536559448324272 0.27766148325358847 0.0815813008853382 0.03417994700886105
134 0.5716534819447341 0.791267942583732 0.07662673179973827 0.030502392344497607
5 0.587140112392553 0.09120813397129186 0.06533955014888845 0.018839049243885256
79 0.6018606870229007 0.5056818181818182 0.07395038167938932 0.01854066985645933
32 0.6040076335877863 0.23699162679425836 0.060114503816793896 0.026614832535885168
23 0.6216603053435115 0.18764952153110048 0.08015267175572519 0.021232057416267942
59 0.638147468734966 0.4086203703188775 0.10964514810174272 0.04188561998065781
42 0.6245501404906912 0.28428437897946995 0.07022485712492092 0.039064676801368985
108 0.6335877862595419 0.6423444976076556 0.06583969465648855 0.020933014354066987
52 0.6374045801526718 0.33702153110047844 0.06297709923664122 0.02033492822966507
15 0.6569656488549618 0.14010167464114834 0.09923664122137404 0.023026315789473683
43 0.6495706106870229 0.5441088516746412 0.06631679389312978 0.02541866028708134
135 0.6725831377295293 0.7902212918660284 0.09699815254884615 0.027811004784688995
69 0.6722328244274809 0.4630681818181818 0.07251908396946564 0.024222488038277513
6 0.6977576335877863 0.09659090909090909 0.11688931297709923 0.02332535885167464
99 0.7013358778625954 0.5989832535885168 0.12118320610687022 0.02452153110047847
80 0.6865267067836965 0.5080741626794258 0.07709933738141397 0.02416271099752447
33 0.7229130347030224 0.22981459330143536 0.13501908396946566 0.03379186602870813
125 0.7118320610687022 0.7334031100478469 0.11999108471294427 0.036560281991550335
24 0.704675572519084 0.18720095693779903 0.06202290076335878 0.019736842105263157
43 0.7077767175572519 0.2790071770334928 0.06727099236641221 0.026913875598086126
109 0.7373568702290076 0.6471291866028708 0.1006679389312977 0.02930622009569378
117 0.7532360759570723 0.6864533492822965 0.13297279959889288 0.024587243255977102
90 0.7197041984732825 0.5493421052631579 0.042461832061068704 0.017344497607655503
60 0.7302003816793893 0.41357655502392343 0.050095419847328244 0.02332535885167464
70 0.7551444729036372 0.46009972537490246 0.05844750550974738 0.031482825747437944
16 0.7838740458015268 0.14204545454545456 0.09732824427480916 0.02332535885167464
81 0.7538167938931297 0.5028409090909091 0.022900763358778626 0.01166267942583732
25 0.8103530534351145 0.18436004784688995 0.13311068702290077 0.026614832535885168
91 0.7833969465648855 0.545005980861244 0.060114503816793896 0.02721291866028708
136 0.791030534351145 0.7882775119617225 0.07538167938931298 0.02452153110047847
44 0.7903148854961832 0.28169856459330145 0.061545801526717556 0.019138755980861243
61 0.8022423664122137 0.4081937799043062 0.06822519083969465 0.016148325358851676
82 0.829675572519084 0.5046351674641149 0.11545801526717557 0.02063397129186603
100 0.8299141221374046 0.5959928229665071 0.09494274809160305 0.028110047846889953
126 0.8318225190839694 0.7302631578947368 0.08444656488549618 0.025717703349282296
71 0.8354007633587787 0.4597787081339713 0.0715648854961832 0.02900717703349282
110 0.8311068702290076 0.6358314727754251 0.058206106870228994 0.036567557379863246
7 0.802430509068025 0.09629186602870814 0.056265369140561586 0.034755697129472476
34 0.8382633587786259 0.23041267942583732 0.05057251908396947 0.014055023923444977
92 0.9029416175629997 0.5486780966025652 0.06865512683055561 0.027974446131145442
45 0.8866889312977099 0.2790071770334928 0.10353053435114504 0.035287081339712915
17 0.8887050194358468 0.14055023923444976 0.10496183206106868 0.02033492822966507
62 0.8816793893129771 0.4123803827751196 0.0715648854961832 0.04453515519148535
8 0.9033874045801527 0.09479665071770335 0.10162213740458015 0.019138755980861243
118 0.8859732824427481 0.6894437799043063 0.05725190839694656 0.019437799043062202
72 0.9151880995615898 0.4571092947528929 0.07817303315020599 0.026474946440783985
111 0.9350803868229075 0.6410427521852116 0.11128659041948456 0.03962015607623449
127 0.9303435114503816 0.7316088516746412 0.08778625954198473 0.021830143540669856
101 0.930104961832061 0.5952452153110048 0.07490458015267176 0.017045454545454544
35 0.9134215108004834 0.22861842105263155 0.08282091905801525 0.03320315670068751
63 0.9637404580152671 0.40998803827751196 0.0648854961832061 0.03732075324782938
102 0.9856870229007634 0.5915071770334929 0.02862595419847328 0.022129186602870814
