0 0.08014705882352942 0.07868649318463444 0.13284313725490196 0.04337050805452292
106 0.09654735916729644 0.7688971499380427 0.16324463623300464 0.051294319669068375
43 0.05612745098039216 0.36539653035935565 0.0769607843137255 0.03748451053283767
136 0.0642156862745098 0.955545229244114 0.09215686274509804 0.05483271375464684
53 0.07892156862745098 0.47242874845105326 0.11764705882352941 0.03469640644361834
83 0.12632907936326013 0.640093528226446 0.18947826831985962 0.025235420708874218
75 0.0571078431372549 0.5966542750929368 0.07107843137254902 0.024783147459727387
91 0.06911764705882353 0.6781288723667905 0.09411764705882353 0.042131350681536554
60 0.052450980392156864 0.5139405204460966 0.059803921568627454 0.027261462205700124
51 0.06251407732869575 0.4120198265179677 0.07785822218404427 0.049769645082822785
113 0.05588235294117647 0.8226456009913259 0.06274509803921569 0.0362453531598513
28 0.0713235294117647 0.27664188351920693 0.08970588235294118 0.026022304832713755
35 0.07475490196078431 0.31660470879801733 0.09264705882352942 0.03903345724907063
128 0.06691176470588235 0.915272614622057 0.075 0.02942998760842627
15 0.10056070279426298 0.17053903345724908 0.13429432331219304 0.037484510532837675
99 0.10514705882352941 0.7267657992565055 0.14754901960784314 0.029120198265179677
120 0.07892156862745098 0.866635687732342 0.09509803921568627 0.032527881040892194
67 0.08602941176470588 0.5566914498141264 0.10637254901960784 0.027881040892193308
21 0.12475490196078431 0.22227385377943 0.1730392156862745 0.041821561338289966
8 0.08208762994821943 0.12779282879187367 0.12124228181841451 0.03256592599810619
61 0.15465686274509804 0.5100681536555143 0.09264705882352942 0.02385377942998761
60 0.15073529411764705 0.5968091697645601 0.0838235294117647 0.02385377942998761
44 0.15808823529411764 0.366635687732342 0.062254901960784315 0.025712515489467163
52 0.16838235294117648 0.41294919454770757 0.06715686274509804 0.027261462205700124
129 0.1732843137254902 0.9078376703841388 0.07303921568627451 0.03438661710037175
137 0.1769607843137255 0.9508983890954151 0.05588235294117647 0.03500619578686493
29 0.20465686274509803 0.27726146220570014 0.1053921568627451 0.02973977695167286
121 0.19191176470588237 0.8672552664188352 0.07892156862745098 0.028810408921933085
42 0.1492649384548427 0.8194511147772532 0.09685456934907903 0.03850256594222293
68 0.2267156862745098 0.5517348203221809 0.12401960784313726 0.024163568773234202
54 0.2566176470588235 0.4666976456009913 0.1553921568627451 0.02942998760842627
1 0.2088368944278278 0.0817367829698504 0.061879462245854916 0.03910472308782239
9 0.21887254901960784 0.12763320941759604 0.07303921568627451 0.021065675340768277
92 0.16896970212739681 0.6819861072286474 0.0794025176296686 0.047573274937681
100 0.2534313725490196 0.7250619578686494 0.11372549019607843 0.031288723667905825
107 0.2426470588235294 0.7687422552664188 0.0696078431372549 0.02695167286245353
62 0.2656862745098039 0.5066604708798017 0.10294117647058823 0.028810408921933085
45 0.2803921568627451 0.36105947955390333 0.12549019607843137 0.04863692688971499
16 0.2696078431372549 0.17642503097893433 0.10294117647058823 0.02509293680297398
115 0.31642156862745097 0.8147459727385378 0.18676470588235294 0.030359355638166045
77 0.304656862745098 0.5947955390334573 0.16225490196078432 0.031598513011152414
130 0.2752450980392157 0.9093866171003717 0.07009803921568628 0.028810408921933085
138 0.2629901960784314 0.9589529120198265 0.045588235294117645 0.0281908302354399
22 0.28799019607843135 0.22506195786864933 0.07990196078431372 0.030049566294919453
93 0.3156862745098039 0.6829306071871127 0.13431372549019607 0.026332094175960347
122 0.3 0.8588909541511772 0.09509803921568627 0.0405824039653036
37 0.3002450980392157 0.32202602230483274 0.07598039215686274 0.0281908302354399
10 0.3391767126511101 0.12918215613382897 0.10220057599226504 0.025835089841910866
84 0.3055722885092985 0.6380111524163569 0.08331451446573172 0.02670223551782745
30 0.3392156862745098 0.2749380421313507 0.08725490196078431 0.023234200743494422
69 0.3480392156862745 0.5534386617100372 0.06568627450980392 0.02509293680297398
108 0.35490196078431374 0.7724597273853779 0.0784313725490196 0.031288723667905825
131 0.36004901960784313 0.909541511771995 0.08088235294117647 0.024783147459727387
139 0.3742823025432223 0.9532301696872565 0.08661661845777906 0.04817043167763475
3 0.4170443836646154 0.08239359369195619 0.15289041467186548 0.04151177199504337
63 0.38651960784313727 0.5128562577447335 0.10245098039215686 0.030049566294919453
101 0.38504901960784316 0.7272304832713755 0.0857843137254902 0.02509293680297398
55 0.3940304112815716 0.46840148698884765 0.07752732042939293 0.027997120494948048
17 0.42079584030650585 0.17734402739703678 0.12506877891400325 0.028774839408888756
123 0.3977941176470588 0.858271375464684 0.0642156862745098 0.03810408921933085
23 0.40980392156862744 0.23125774473358116 0.08235294117647059 0.02385377942998761
38 0.4139705882352941 0.3232651796778191 0.08774509803921568 0.027571251548946716
46 0.416421568627451 0.3663258983890954 0.07009803921568628 0.04120198265179678
85 0.4443627450980392 0.63909541511772 0.12009803921568628 0.030978934324659233
94 0.45294117647058824 0.6840148698884758 0.10588235294117647 0.027261462205700124
70 0.45441176470588235 0.5540582403965304 0.09215686274509804 0.02695167286245353
78 0.4455882352941177 0.5941759603469641 0.07156862745098039 0.022304832713754646
31 0.45591667636294314 0.2774163568773234 0.07551998962033657 0.023853779429987614
11 0.47230392156862744 0.13057620817843865 0.09264705882352942 0.046158612143742256
109 0.4806372549019608 0.7727695167286245 0.10245098039215686 0.04244114002478315
132 0.4786764705882353 0.9089219330855018 0.09166666666666666 0.022304832713754646
119 0.5053921568627451 0.8653965303593556 0.12745098039215685 0.02509293680297398
116 0.4870098039215686 0.8210966542750929 0.061274509803921566 0.02695167286245353
64 0.5522058823529412 0.5071251548946716 0.18970588235294117 0.042131350681536554
102 0.4860294117647059 0.7241325898389095 0.043627450980392155 0.04120198265179678
56 0.5022984621158546 0.46409748148351354 0.07870792047328111 0.03541563826797748
140 0.5218137254901961 0.9606567534076828 0.08970588235294118 0.03593556381660471
47 0.5279411764705882 0.3709727385377943 0.09215686274509804 0.03500619578686493
24 0.5142156862745098 0.23110285006195788 0.06274509803921569 0.024163568773234202
39 0.5181372549019608 0.32372986369268897 0.059803921568627454 0.02664188351920694
79 0.566577428859192 0.5972738537794299 0.08034355478180731 0.04771601811290207
71 0.5691176470588235 0.5514250309789344 0.09117647058823529 0.03593556381660471
4 0.5649509803921569 0.09371127633209418 0.0769607843137255 0.02509293680297398
95 0.5642156862745098 0.6801425030978935 0.07549019607843137 0.03872366790582404
103 0.5882352941176471 0.7328066914498141 0.11960784313725491 0.027571251548946716
32 0.5901960784313726 0.2788104089219331 0.08431372549019608 0.024783147459727387
117 0.6294117647058823 0.8282218091697645 0.16176470588235295 0.02942998760842627
18 0.601895232111107 0.1847987926519011 0.10344235144295565 0.03376703841387856
86 0.6014705882352941 0.6380111524163569 0.09117647058823529 0.04120198265179678
57 0.6061274509803921 0.46964064436183395 0.08284313725490196 0.024783147459727387
133 0.6013661396641993 0.9098413143578562 0.09852054810907573 0.03459003134767219
25 0.6487374514997357 0.2311028500619579 0.15976918265604134 0.03841387856257745
110 0.604656862745098 0.7771065675340768 0.06323529411764706 0.030049566294919453
12 0.6251367959688238 0.13242549483260949 0.08892960322499503 0.03500619578686493
40 0.649264705882353 0.32961586121437425 0.12696078431372548 0.03345724907063197
48 0.6294117647058823 0.36988847583643125 0.08235294117647059 0.04337050805452292
141 0.6323388638477755 0.9595724907063199 0.08775700902132241 0.03500619578686493
125 0.6524509803921569 0.8683395291201983 0.12156862745098039 0.04584882280049566
96 0.6708599823030396 0.6877323420074349 0.09481209074961738 0.04288897550638142
72 0.7132352941176471 0.5534386617100372 0.13627450980392156 0.025712515489467163
33 0.7575540476202197 0.2779575175944018 0.16501463910024566 0.04421125019927016
5 0.6666543570586301 0.09309169764560099 0.08288905206976106 0.029706163761859392
58 0.7188725490196078 0.4611214374225527 0.11225490196078432 0.036864931846344484
65 0.7370605752293016 0.5122366790582404 0.14170230770989287 0.03353580094347365
134 0.7188725490196078 0.9134138785625775 0.09166666666666666 0.035625774473358116
111 0.7421671889839262 0.7783457249070632 0.14503471469869358 0.04079673663163611
88 0.7129901960784314 0.6403345724907064 0.07794117647058824 0.031598513011152414
104 0.7301470588235294 0.7323420074349443 0.10049019607843138 0.02292441140024783
19 0.7352941176470589 0.1810718711276332 0.09607843137254903 0.03872366790582404
49 0.752533625325785 0.3675603310594274 0.11385771220753833 0.040272614622057
13 0.7481902676244395 0.13507287835816864 0.07921272251148548 0.02695167286245353
81 0.7382352941176471 0.5952602230483272 0.04019607843137255 0.026332094175960347
126 0.7916666666666666 0.875 0.11078431372549019 0.036864931846344484
41 0.8110294117647059 0.3218711276332094 0.1161764705882353 0.037794299876084264
97 0.7979890168250459 0.6865188549171164 0.07687161729978435 0.04118787964260305
26 0.806999541066863 0.23636926889714993 0.08545812974761073 0.032227137959628
43 0.8112745098039216 0.6425030978934325 0.08627450980392157 0.03903345724907063
118 0.7924019607843137 0.8271375464684015 0.047549019607843135 0.024163568773234202
82 0.843888537143577 0.5975544921776683 0.1473309652892112 0.030391142977743858
98 0.9088382969431986 0.6808739016596913 0.09821265523619876 0.04677819083023544
135 0.871078431372549 0.9244114002478315 0.17450980392156862 0.05514250309789343
112 0.910726392290249 0.7829925650557621 0.15492640203559738 0.03314745972738538
6 0.804603144975127 0.09259589879581905 0.13028636686507342 0.030264684615270952
105 0.8294163085617081 0.7365241635687734 0.07643152848833855 0.03233148060230414
20 0.8732045055535319 0.18479406794924663 0.12448926507426931 0.042670380064521736
73 0.8493362245854392 0.5535893761229147 0.08408482331749567 0.03962539059006333
59 0.8557369282624383 0.4609581822334377 0.12450980392156864 0.050185873605947964
50 0.9 0.3691140024783148 0.12352941176470589 0.04244114002478315
119 0.9117647058823529 0.8269826517967782 0.14411764705882352 0.02509293680297398
14 0.8867134096490753 0.13646220570012393 0.08150187171377704 0.02137546468401487
66 0.9026960784313726 0.5080545229244114 0.11519607843137254 0.029120198265179677
127 0.9193627450980392 0.8705080545229245 0.10637254901960784 0.04399008674101611
34 0.9137254901960784 0.28345724907063197 0.07254901960784314 0.02168525402726146
42 0.9177206114642124 0.3293430795006962 0.07669382029327644 0.030978934324659233
90 0.9127450980392157 0.6454460966542751 0.0696078431372549 0.02385377942998761
27 0.9275649740261355 0.23436508757135577 0.08482486258318593 0.05511684091613891
7 0.9534313725490197 0.09061338289962825 0.09313725490196079 0.02942998760842627
36 0.1973474309502096 0.3169155608332571 0.08178858720291575 0.03647818513115037
80 0.6641907393419793 0.5939291108611525 0.07545869770532092 0.036360645276708
2 0.2811341204017092 0.08232898428204603 0.07840036133450747 0.04156459657657373
57 0.9381533697021495 0.5534585988695018 0.060467696983188546 0.043253460809637545
