69 0.06118042226487524 0.5407692307692308 0.07629558541266794 0.02
117 0.07581573896353166 0.8546153846153847 0.10268714011516315 0.026923076923076925
53 0.07989443378119002 0.4492307692307692 0.10220729366602688 0.021538461538461538
61 0.0647792706333973 0.49365384615384617 0.07197696737044146 0.018846153846153846
78 0.0647792706333973 0.5928846153846153 0.0671785028790787 0.020384615384615383
125 0.10220729366602688 0.8963461538461538 0.13723608445297505 0.05038461538461538
95 0.08013435700575816 0.6959615384615384 0.08637236084452975 0.04576923076923077
133 0.057547963899344176 0.9571485989700785 0.09004694096809075 0.06062448683798588
100 0.08829174664107485 0.7509615384615385 0.09884836852207293 0.025
0 0.11012476007677544 0.0848076923076923 0.131957773512476 0.02576923076923077
47 0.08157389635316699 0.3751923076923077 0.07389635316698656 0.02423076923076923
109 0.08901151631477927 0.8005769230769231 0.08877159309021113 0.02423076923076923
14 0.0892514395393474 0.18673076923076923 0.08157389635316699 0.015
29 0.08709213051823417 0.2746153846153846 0.07725527831094049 0.022307692307692306
38 0.08037428023032629 0.32634615384615384 0.0628598848368522 0.01653846153846154
21 0.10820537428023033 0.21461538461538462 0.11660268714011517 0.02923076923076923
86 0.08133397312859884 0.6353846153846154 0.06190019193857965 0.03538461538461538
7 0.09285028790786948 0.13865384615384616 0.07053742802303263 0.020384615384615383
70 0.16698656429942418 0.5415384615384615 0.07677543186180422 0.016923076923076923
62 0.17490403071017274 0.4944230769230769 0.08493282149712092 0.022692307692307692
96 0.19193857965451055 0.6946153846153846 0.08829174664107485 0.024615384615384615
39 0.1852207293666027 0.32865384615384613 0.07197696737044146 0.022692307692307692
101 0.1890595009596929 0.7463461538461539 0.07965451055662189 0.02423076923076923
79 0.17754318618042225 0.5871153846153846 0.05182341650671785 0.018846153846153846
110 0.1952975047984645 0.7948076923076923 0.08637236084452975 0.02576923076923077
15 0.21305182341650672 0.19134615384615383 0.11612284069097889 0.022692307692307692
30 0.1916986564299424 0.27307692307692305 0.07245681381957773 0.015384615384615385
134 0.18761996161228406 0.9611538461538461 0.05470249520153551 0.03461538461538462
48 0.20009596928982726 0.37826923076923075 0.07485604606525911 0.037307692307692306
54 0.2368042226487524 0.445 0.14539347408829176 0.023846153846153847
8 0.22912667946257198 0.14038461538461539 0.12428023032629558 0.025384615384615384
118 0.19385796545105566 0.8532692307692308 0.04702495201535509 0.02653846153846154
87 0.20201535508637236 0.6367307692307692 0.04222648752399232 0.03192307692307692
1 0.22144913627639157 0.08307692307692308 0.05518234165067178 0.02923076923076923
22 0.24088291746641075 0.22634615384615384 0.06813819577735125 0.03653846153846154
126 0.2684740882917466 0.8919230769230769 0.10796545105566219 0.03923076923076923
80 0.2555182341650672 0.5844230769230769 0.08109404990403071 0.021923076923076924
119 0.30614203454894434 0.8415384615384616 0.13531669865642995 0.031538461538461536
31 0.27423224568138194 0.28 0.06861804222648753 0.018461538461538463
71 0.2687140115163148 0.5338461538461539 0.05758157389635317 0.02923076923076923
49 0.32005758157389635 0.3730769230769231 0.1343570057581574 0.046153846153846156
40 0.29318618042226485 0.3303846153846154 0.07389635316698656 0.023846153846153847
63 0.2972157085387573 0.4905769230769231 0.07373056223623259 0.022692307692307692
102 0.28047024952015354 0.7388461538461538 0.03502879078694818 0.025384615384615384
111 0.32245681381957775 0.7882692307692307 0.11900191938579655 0.028076923076923076
97 0.30758157389635316 0.6834615384615385 0.08253358925143954 0.03076923076923077
88 0.3008637236084453 0.6240384615384615 0.06525911708253358 0.03807692307692308
135 0.3284548944337812 0.945 0.10028790786948176 0.038461538461538464
2 0.3121943740400952 0.08731432179818409 0.10524922403564585 0.0250527500270956
16 0.3510076775431862 0.19865384615384615 0.10508637236084453 0.027307692307692307
23 0.359404990403071 0.23942307692307693 0.09692898272552783 0.02423076923076923
9 0.3502879078694818 0.14134615384615384 0.07389635316698656 0.02346153846153846
81 0.3366122840690979 0.58 0.02543186180422265 0.027692307692307693
72 0.373320537428023 0.5386538461538461 0.0892514395393474 0.01653846153846154
55 0.375 0.44326923076923075 0.08685220729366602 0.020384615384615383
41 0.3898752399232246 0.3230769230769231 0.07629558541266794 0.02846153846153846
127 0.4119481765834933 0.8815384615384615 0.1118042226487524 0.040769230769230766
64 0.43138195777351246 0.4821153846153846 0.14779270633397312 0.037307692307692306
43 0.40427063339731284 0.63 0.07149712092130518 0.02846153846153846
82 0.44357837652377285 0.5838461538461538 0.10652591170825336 0.026153846153846153
3 0.46566056825326413 0.09037135640363182 0.12029171386430144 0.043642028594363495
50 0.45369481765834935 0.3773076923076923 0.09932821497120921 0.03769230769230769
120 0.4510556621880998 0.8332692307692308 0.08637236084452975 0.03423076923076923
98 0.44865642994241844 0.6648076923076923 0.08061420345489444 0.03423076923076923
24 0.45009596928982726 0.24153846153846154 0.06813819577735125 0.02
33 0.4868042226487524 0.2798076923076923 0.13771593090211132 0.041923076923076924
17 0.48584452975047987 0.19865384615384615 0.12332053742802303 0.022692307692307692
42 0.47719224670903526 0.33032809491321424 0.07480454324659615 0.027183472310332732
56 0.4743282149712092 0.43346153846153845 0.07725527831094049 0.03769230769230769
10 0.4961612284069098 0.14384615384615385 0.11420345489443379 0.01769230769230769
136 0.4812859884836852 0.9413461538461538 0.08061420345489444 0.04807692307692308
73 0.4904030710172745 0.5307692307692308 0.07293666026871401 0.036153846153846154
112 0.4669086059414673 0.776137712996073 0.11258953126236115 0.026821207157128425
121 0.552063339731286 0.8351923076923077 0.07437619961612284 0.02653846153846154
57 0.560700575815739 0.44 0.08781190019193857 0.023076923076923078
51 0.5479638475581299 0.37653846153846154 0.05619671026205778 0.03461538461538462
83 0.6079654510556622 0.5759615384615384 0.16602687140115163 0.039615384615384615
65 0.5820537428023033 0.4932692307692308 0.11324376199616124 0.02423076923076923
25 0.5947696737044146 0.24134615384615385 0.13675623800383876 0.029615384615384616
57 0.5808541266794626 0.5401923076923076 0.08973128598848369 0.02346153846153846
43 0.5961777771944434 0.3337103666252473 0.06238003838771593 0.027692307692307693
113 0.5858925143953935 0.7803846153846153 0.060460652591170824 0.02846153846153846
34 0.6044753690278116 0.28635245876517923 0.057750654479750176 0.025
4 0.6247600767754319 0.09788461538461539 0.09117082533589252 0.028076923076923076
91 0.6156429942418427 0.619423076923077 0.07293666026871401 0.03576923076923077
18 0.6276391554702495 0.19884615384615384 0.09596928982725528 0.024615384615384615
11 0.6386756238003839 0.1473076923076923 0.11036468330134357 0.03230769230769231
58 0.661468330134357 0.42653846153846153 0.10220729366602688 0.03769230769230769
129 0.6595489443378119 0.8784615384615385 0.09261036468330135 0.04461538461538461
138 0.6425143953934741 0.9476923076923077 0.052783109404990404 0.02076923076923077
42 0.6655345173604383 0.7684292721459925 0.08332688942799721 0.040478610155698404
75 0.6681861804222649 0.5332692307692307 0.07341650671785029 0.019615384615384614
122 0.6715451055662188 0.8226923076923077 0.07629558541266794 0.04461538461538461
35 0.6867395293291604 0.28026020130276086 0.07754785427140845 0.03423076923076923
66 0.7005758157389635 0.4855769230769231 0.07197696737044146 0.020384615384615383
44 0.696257197696737 0.3378846153846154 0.05854126679462572 0.021153846153846155
26 0.7029750479846449 0.24615384615384617 0.06813819577735125 0.014615384615384615
5 0.7185700575815739 0.09230769230769231 0.09261036468330135 0.02390718880048774
139 0.7346449136276392 0.946923076923077 0.08445297504798464 0.025384615384615384
19 0.7308179625970729 0.19676471603599588 0.05978818696353756 0.027442500204656415
84 0.7449616122840691 0.5753846153846154 0.07629558541266794 0.024615384615384615
60 0.7550383877159309 0.5303846153846153 0.07725527831094049 0.023076923076923078
130 0.7571976967370442 0.8913461538461539 0.060460652591170824 0.025
45 0.7819097888675623 0.32846153846153847 0.10892514395393474 0.03923076923076923
12 0.7857485604606526 0.13884615384615384 0.0974088291746641 0.02923076923076923
123 0.7773512476007678 0.8273076923076923 0.060460652591170824 0.03538461538461538
59 0.793426103646833 0.42346153846153844 0.08685220729366602 0.043076923076923075
67 0.7879078694817658 0.4798076923076923 0.07485604606525911 0.01653846153846154
27 0.8126199616122841 0.23673076923076924 0.10412667946257198 0.03346153846153846
93 0.8286948176583493 0.6188461538461538 0.10076775431861804 0.027692307692307693
6 0.8543666026871402 0.09307692307692307 0.14923224568138196 0.027692307692307693
20 0.8550863723608445 0.19365384615384615 0.13723608445297505 0.039615384615384615
140 0.8164587332053743 0.9490384615384615 0.05710172744721689 0.025
77 0.8651631477927063 0.5242307692307693 0.1295585412667946 0.03461538461538462
131 0.8466717736475414 0.8886472166633542 0.06835173628282297 0.027692307692307693
119 0.883637236084453 0.8307692307692308 0.11852207293666027 0.03
37 0.8778790786948176 0.29096153846153844 0.09452975047984645 0.018846153846153846
85 0.8774424201444043 0.5719167720040514 0.08891961350098984 0.03388364288490431
68 0.8958733205374281 0.475 0.09980806142034548 0.019230769230769232
60 0.8905950095969289 0.43153846153846154 0.08253358925143954 0.025384615384615384
141 0.8913147792706334 0.9438461538461539 0.07725527831094049 0.022307692307692306
13 0.894193857965451 0.1473076923076923 0.07917466410748561 0.023846153846153847
46 0.8932341650671785 0.33576923076923076 0.06573896353166987 0.03769230769230769
28 0.9013915547024952 0.23615384615384616 0.0647792706333973 0.024615384615384615
99 0.9220249520153551 0.6611538461538462 0.0916506717850288 0.019230769230769232
94 0.92010556621881 0.6134615384615385 0.07629558541266794 0.023076923076923078
108 0.9229846449136276 0.7107692307692308 0.056142034548944335 0.019230769230769232
128 0.5593311914939828 0.8952972822051022 0.0669072084943418 0.03362072493541062
137 0.5642765069044342 0.9358145661016225 0.053525766795473474 0.04396556337707537
103 0.3760636204007858 0.7371074610346453 0.07039801937230745 0.025862096104161857
104 0.4662429014148987 0.7323660767488823 0.07039801937230745 0.030172445454855572
105 0.5712581286603655 0.7241764129825643 0.08028865019321021 0.027586235844439342
106 0.6998363293321006 0.7198660636318707 0.11519675897286671 0.032758655065271716
115 0.8095164244627371 0.7626796892838219 0.1384688314926377 0.044827633247214026
116 0.9250040843421009 0.7656969338293077 0.073888830250273 0.04568970311735269
92 0.7216643507006012 0.6213002305810703 0.07097982118530179 0.032758655065271716
90 0.5026159681082563 0.6281967895421802 0.0692344157463189 0.02586209610416194
107 0.8173707489381598 0.7169899861664694 0.08087045200620444 0.03103451532499423
36 0.7785947178492324 0.28287137898709386 0.08436000941924189 0.03676419820020659
132 0.9190803385617398 0.8814206780811593 0.05701657767343846 0.030172445454855156
32 0.3648594305627241 0.2810965508190766 0.06359533648231837 0.03552962852220189
52 0.6124642242438813 0.38227875378447757 0.05629751098434742 0.043253460809637045
