43 0.057445759368836294 0.6210482529118136 0.09319526627218935 0.025790349417637273
134 0.041913214990138066 0.9168053244592346 0.0621301775147929 0.03826955074875208
98 0.0643491124260355 0.6745008319467554 0.10207100591715976 0.03951747088186356
107 0.05793885601577909 0.7410565723793677 0.08925049309664694 0.0262063227953411
125 0.08900394477317554 0.8527454242928453 0.14151873767258383 0.042429284525790346
116 0.05152859960552268 0.8011647254575707 0.0655818540433925 0.019966722129783693
71 0.0611439842209073 0.4966722129783694 0.08284023668639054 0.029118136439267885
53 0.08037475345167652 0.39933444259567386 0.10946745562130178 0.03494176372712146
80 0.0655818540433925 0.5578202995008319 0.07593688362919132 0.029118136439267885
63 0.0621301775147929 0.444675540765391 0.0641025641025641 0.02329450915141431
45 0.09146942800788954 0.2897254575707155 0.11094674556213018 0.04534109816971714
27 0.08604536489151873 0.1834442595673877 0.09418145956607495 0.029118136439267885
0 0.10453648915187377 0.04097337770382695 0.126232741617357 0.032029950083194675
36 0.08851084812623274 0.23128119800332778 0.08234714003944774 0.045757071547420966
10 0.09664694280078895 0.08985024958402663 0.08974358974358974 0.026622296173044926
18 0.09763313609467456 0.1435108153078203 0.09171597633136094 0.03743760399334443
117 0.16099605522682445 0.8078202995008319 0.11982248520710059 0.026622296173044926
135 0.16346153846153846 0.9234608985024958 0.08629191321499013 0.03993344425956739
81 0.13683431952662722 0.5638519134775375 0.03007889546351085 0.019550748752079867
108 0.15803747534516766 0.7437603993344426 0.07248520710059171 0.024958402662229616
64 0.20841618808458365 0.4504719281681306 0.12577583397600464 0.04833391149470075
72 0.20414201183431951 0.5101913477537438 0.11538461538461539 0.025374376039933443
99 0.21794871794871795 0.6919717138103162 0.14102564102564102 0.0262063227953411
10 0.2091483008048842 0.08881939610147183 0.10636513281125455 0.05667873113946675
90 0.19181459566074952 0.6252079866888519 0.07396449704142012 0.020798668885191347
37 0.19625246548323472 0.24792013311148087 0.07297830374753451 0.024958402662229616
54 0.21844181459566075 0.40099833610648916 0.11538461538461539 0.02329450915141431
28 0.20537475345167652 0.19571547420965058 0.07445759368836292 0.019550748752079867
19 0.20266272189349113 0.14371880199667222 0.0641025641025641 0.025374376039933443
82 0.22287968441814596 0.5653078202995009 0.09664694280078895 0.021630615640599003
126 0.23027613412228798 0.8594009983361065 0.11143984220907298 0.04159733777038269
1 0.20833333333333334 0.03306988352745424 0.05571992110453649 0.029534109816971715
46 0.22509861932938857 0.3024126455906822 0.07248520710059171 0.045757071547420966
109 0.28205128205128205 0.7516638935108153 0.09763313609467456 0.03161397670549085
2 0.28377712031558183 0.04284525790349417 0.07149901380670612 0.029118136439267885
91 0.28994082840236685 0.627495840266223 0.07988165680473373 0.03618968386023295
136 0.2859960552268245 0.9371880199667221 0.0670611439842209 0.03410981697171381
38 0.2973372781065089 0.25 0.07593688362919132 0.020798668885191347
118 0.2921597633136095 0.8065723793677204 0.04881656804733728 0.022462562396006656
73 0.3163214990138067 0.5097753743760399 0.09615384615384616 0.040349417637271213
29 0.3224852071005917 0.20049916805324458 0.10157790927021697 0.028286189683860232
47 0.3126232741617357 0.31094009983361065 0.07692307692307693 0.03369384359400998
20 0.33555226824457596 0.1480865224625624 0.11686390532544379 0.042429284525790346
12 0.31964688827919585 0.08913156439125156 0.06459566074950693 0.041162513070994236
55 0.3266765285996055 0.40765391014975044 0.0645956607495069 0.02329450915141431
83 0.3782051282051282 0.5738352745424293 0.1390532544378698 0.04118136439267887
65 0.378698224852071 0.45965058236272877 0.12721893491124261 0.025790349417637273
127 0.3530571992110454 0.8689683860232945 0.07100591715976332 0.033277870216306155
100 0.3717948717948718 0.6957154742096506 0.07988165680473373 0.0262063227953411
3 0.3952169625246548 0.03431780366056572 0.11883629191321499 0.04534109816971714
137 0.3685897435897436 0.9305324459234608 0.05374753451676528 0.0324459234608985
92 0.39028599605522685 0.6356073211314476 0.08431952662721894 0.024126455906821963
119 0.4031065088757396 0.8171797004991681 0.10798816568047337 0.027038269550748752
110 0.3789447731755424 0.7472961730449251 0.05571992110453649 0.0370216306156406
13 0.40458579881656803 0.09775374376039933 0.08234714003944774 0.02329450915141431
39 0.3942307692307692 0.2549916805324459 0.05670611439842209 0.024958402662229616
48 0.41346153846153844 0.3119800332778702 0.07248520710059171 0.04326123128119801
56 0.41789940828402367 0.40099833610648916 0.0675542406311637 0.04409317803660566
57 0.43096646942800787 0.5195507487520798 0.08579881656804733 0.020798668885191347
30 0.4341715976331361 0.19633943427620631 0.07544378698224852 0.020798668885191347
138 0.4381163708086785 0.9409317803660566 0.058678500986193295 0.021630615640599003
111 0.4871879675908969 0.7568635607321135 0.0986260736736202 0.027038269550748752
21 0.4685879329176175 0.14560884211974884 0.1009227594501768 0.04159733777038269
101 0.46696252465483234 0.7009151414309485 0.0631163708086785 0.025790349417637273
40 0.5039447731755424 0.2564475873544093 0.11932938856015779 0.03286189683860233
128 0.4770710059171598 0.879783693843594 0.06360946745562131 0.029118136439267885
14 0.501232741617357 0.09484193011647254 0.07840236686390532 0.019966722129783693
57 0.4960552268244576 0.41222961730449253 0.054240631163708086 0.024958402662229616
4 0.4985207100591716 0.04159733777038269 0.05719921104536489 0.024958402662229616
93 0.5310650887573964 0.6420549084858569 0.11932938856015779 0.02870216306156406
49 0.5239151873767258 0.30324459234608986 0.10108481262327416 0.04076539101497504
66 0.5212031558185405 0.46401830282861894 0.08481262327416174 0.022878535773710483
84 0.5154513734278717 0.5837836328378968 0.07289677397620066 0.029534109816971715
139 0.5138067061143984 0.9411397670549085 0.0621301775147929 0.027870216306156406
31 0.5160256410256411 0.20112312811980032 0.06360946745562131 0.0262063227953411
120 0.5231755424063116 0.8180116472545758 0.05917159763313609 0.032029950083194675
75 0.5297444708887141 0.5174527219401514 0.0656643091004459 0.02745424292845258
102 0.5238537300751596 0.6990305228940803 0.0445243743310942 0.037582587151723114
129 0.5621301775147929 0.8770798668885191 0.05818540433925049 0.032029950083194675
58 0.5909763313609467 0.40203826955074873 0.08629191321499013 0.04284525790349417
103 0.5941814595660749 0.7063227953410982 0.09171597633136094 0.028286189683860232
5 0.5934418145956607 0.03889351081530782 0.07248520710059171 0.02038269550748752
112 0.6424231386042604 0.7609648628684624 0.13331341740942912 0.041178842483662416
32 0.5944280078895463 0.19696339434276205 0.0626232741617357 0.022878535773710483
15 0.632396449704142 0.09380199667221298 0.1247534516765286 0.0262063227953411
140 0.6127831231742225 0.9539510776433197 0.06410621003804691 0.0324459234608985
121 0.6259861932938856 0.8292429284525791 0.08431952662721894 0.025374376039933443
41 0.6215483234714004 0.23939267886855242 0.0675542406311637 0.04367720465890183
85 0.6326429980276134 0.5823627287853578 0.08875739644970414 0.024126455906821963
67 0.6391210446888931 0.4671290231996931 0.07095989072727378 0.03262651717093711
23 0.6442307692307693 0.14871048252911814 0.08431952662721894 0.023710482529118136
50 0.6558185404339251 0.31218801996672213 0.10355029585798817 0.0370216306156406
94 0.6518737672583826 0.6474625623960066 0.08284023668639054 0.022878535773710483
130 0.6535996055226825 0.8905990016638935 0.07741617357001973 0.029118136439267885
77 0.7063609467455622 0.5147670549084858 0.14151873767258383 0.040349417637271213
33 0.7004437869822485 0.19072379367720466 0.12179487179487179 0.04284525790349417
6 0.7056213017751479 0.04097337770382695 0.10552268244575937 0.022878535773710483
104 0.7016765285996055 0.7104825291181365 0.09072978303747535 0.028286189683860232
59 0.6997041420118343 0.40370216306156403 0.08481262327416174 0.044509151414309486
42 0.7075936883629191 0.25852745424292845 0.07692307692307693 0.027870216306156406
141 0.7014299802761341 0.9623544093178037 0.058678500986193295 0.0262063227953411
24 0.717948717948718 0.14829450915141432 0.05226824457593689 0.021214642262895173
122 0.7297830374753451 0.8263311148086523 0.07593688362919132 0.035357737104825294
68 0.7504930966469427 0.4650582362728785 0.08974358974358974 0.019966722129783693
16 0.7435897435897436 0.09442595673876872 0.07495069033530571 0.024958402662229616
86 0.742584756207897 0.5806988352745426 0.06854043392504934 0.03988811532386294
131 0.7381656804733728 0.8972545757071547 0.055226824457593686 0.024958402662229616
95 0.7615877712031558 0.6397670549084858 0.08037475345167652 0.04658901830282862
51 0.7620808678500987 0.31405990016638935 0.06360946745562131 0.024126455906821963
113 0.7608481262327417 0.7628951747088186 0.0601577909270217 0.028286189683860232
60 0.7830374753451677 0.40640599001663896 0.0641025641025641 0.024126455906821963
43 0.7872287968441815 0.2543677204658902 0.058678500986193295 0.022878535773710483
25 0.8133629191321499 0.1435108153078203 0.10009861932938856 0.039101497504159734
105 0.8035009861932939 0.7084026622296173 0.07741617357001973 0.02745424292845258
34 0.802232494792902 0.20155350009847678 0.058268946050441466 0.02538791968396938
7 0.8092218126338936 0.039499310958454215 0.064278927534916 0.02329450915141431
132 0.8298816568047337 0.8972545757071547 0.07199211045364892 0.02745424292845258
123 0.8274161735700197 0.8234193011647255 0.0601577909270217 0.0370216306156406
78 0.8328402366863905 0.5193427620632279 0.0670611439842209 0.022878535773710483
87 0.8234714003944773 0.5917221297836939 0.047337278106508875 0.0370216306156406
17 0.860207100591716 0.08985024958402663 0.11587771203155818 0.024126455906821963
52 0.8328402366863905 0.3144758735440932 0.05917159763313609 0.025790349417637273
69 0.8436883629191322 0.4650582362728785 0.0670611439842209 0.022462562396006656
96 0.8513313609467456 0.6433028286189684 0.08234714003944774 0.022878535773710483
42 0.8256126775539865 0.7606610238530785 0.070389569251261 0.03681279548371874
61 0.8441814595660749 0.40411813643926786 0.054240631163708086 0.02204658901830283
44 0.8671104536489151 0.2529118136439268 0.0616370808678501 0.024126455906821963
35 0.8932445759368837 0.19217970049916805 0.09023668639053255 0.03494176372712146
88 0.8791913214990138 0.5736272878535774 0.0601577909270217 0.03410981697171381
106 0.9186390532544378 0.7059068219633944 0.1252465483234714 0.02329450915141431
8 0.9048323471400395 0.04055740432612313 0.08579881656804733 0.025374376039933443
133 0.9090236686390533 0.8862312811980033 0.07347140039447732 0.040349417637271213
115 0.9349062211034745 0.7481281198003328 0.126232741617357 0.03618968386023295
119 0.9321992110453649 0.8323627287853578 0.10502958579881656 0.025790349417637273
26 0.9119822485207101 0.14392678868552414 0.05670611439842209 0.016638935108153077
62 0.9174063116370809 0.4047420965058236 0.0675542406311637 0.019966722129783693
70 0.9087771203155819 0.4646422628951747 0.05029585798816568 0.021630615640599003
79 0.9238165680473372 0.521630615640599 0.07544378698224852 0.026622296173044926
97 0.9418145956607495 0.6391430948419301 0.0631163708086785 0.03119800332778702
9 0.9731262327416174 0.03868552412645591 0.04881656804733728 0.026622296173044926
22 0.5615735814779781 0.14086989793528024 0.06525446689894915 0.05127453742838282
60 0.5891528262072263 0.5181237441057644 0.050815416911155126 0.033713926940012635
