138 0.06866952789699571 0.9357064017660044 0.03648068669527897 0.019315673289183224
117 0.10193133047210301 0.8233995584988962 0.10085836909871244 0.029801324503311258
126 0.09066523605150215 0.8738962472406181 0.07618025751072961 0.0358719646799117
108 0.078862660944206 0.7577262693156733 0.05150214592274678 0.026490066225165563
53 0.10112660944206009 0.472682119205298 0.0895922746781116 0.03145695364238411
57 0.08315450643776824 0.5849889624724062 0.0536480686695279 0.025386313465783666
85 0.09737124463519313 0.6440397350993378 0.078862660944206 0.02869757174392936
98 0.09254291845493562 0.6942604856512141 0.06920600858369098 0.04304635761589404
64 0.11936695278969957 0.5237306843267108 0.12178111587982833 0.04856512141280353
28 0.08932403433476395 0.27207505518763797 0.05954935622317597 0.03642384105960265
0 0.11373390557939914 0.1120309050772627 0.1072961373390558 0.03863134657836645
50 0.10059012875536481 0.3852097130242826 0.07993562231759657 0.04083885209713024
10 0.1032725321888412 0.16777041942604856 0.08100858369098712 0.02097130242825607
39 0.08798283261802575 0.33416114790286977 0.05042918454935622 0.02704194260485651
19 0.09254291845493562 0.22350993377483444 0.05740343347639485 0.02869757174392936
139 0.13063304721030042 0.9426048565121413 0.06813304721030043 0.03200883002207505
75 0.15987124463519314 0.5852649006622517 0.0740343347639485 0.0336644591611479
109 0.16335836909871246 0.7618653421633554 0.08100858369098712 0.028145695364238412
40 0.17274678111587982 0.3347130242825607 0.0890557939914163 0.02704194260485651
29 0.18159871244635192 0.28228476821192056 0.09495708154506438 0.025938189845474614
127 0.17113733905579398 0.8758278145695364 0.07296137339055794 0.04304635761589404
99 0.1936695278969957 0.7041942604856513 0.11158798283261803 0.025386313465783666
20 0.19045064377682402 0.22350993377483444 0.10300429184549356 0.03532008830022075
86 0.18159871244635192 0.6401766004415012 0.0638412017167382 0.037527593818984545
51 0.17355150214592274 0.3871412803532009 0.04560085836909871 0.02704194260485651
54 0.20949570815450644 0.47323399558498896 0.1046137339055794 0.02924944812362031
11 0.19836719168294686 0.16528697571743925 0.08208154506437768 0.042494481236203085
140 0.20144849785407726 0.9464679911699779 0.05954935622317597 0.03200883002207505
1 0.20466738197424894 0.11699779249448124 0.049892703862660946 0.033112582781456956
65 0.2344420600858369 0.5320088300220751 0.09120171673819742 0.029801324503311258
118 0.2140557939914163 0.8269867549668874 0.045064377682403435 0.02152317880794702
52 0.2398068669527897 0.3893487858719647 0.06223175965665236 0.023730684326710817
60 0.23685622317596566 0.58719646799117 0.054184549356223174 0.023178807947019868
110 0.243293991416309 0.7637969094922737 0.053111587982832616 0.025386313465783666
87 0.25053648068669526 0.6410044150110376 0.055793991416309016 0.04028697571743929
41 0.26528969957081544 0.32477924944812364 0.0713519313304721 0.04028697571743929
128 0.2687768240343348 0.8890728476821192 0.06437768240343347 0.026490066225165563
30 0.27896995708154504 0.27869757174392934 0.06759656652360516 0.019867549668874173
141 0.2770922746781116 0.9514348785871964 0.0638412017167382 0.029801324503311258
119 0.2939914163090129 0.8297461368653422 0.09334763948497854 0.023730684326710817
2 0.2821888412017167 0.12251655629139073 0.06759656652360516 0.025386313465783666
100 0.3020386266094421 0.7091611479028698 0.09012875536480687 0.029801324503311258
21 0.3133047210300429 0.22350993377483444 0.10085836909871244 0.033112582781456956
55 0.29855150214592274 0.47516556291390727 0.05847639484978541 0.02869757174392936
77 0.3248390557939914 0.5805739514348786 0.1046137339055794 0.03200883002207505
12 0.30606223175965663 0.16915011037527594 0.0638412017167382 0.0369757174392936
88 0.3103540772532189 0.6412803532008831 0.054184549356223174 0.03642384105960265
111 0.34951716738197425 0.7662803532008831 0.12178111587982833 0.023730684326710817
66 0.33476394849785407 0.5242825607064018 0.08047210300429185 0.037527593818984545
129 0.33476394849785407 0.8846578366445916 0.05686695278969957 0.03532008830022075
42 0.3428111587982833 0.331401766004415 0.05686695278969957 0.028145695364238412
31 0.35568669527896996 0.2806291390728477 0.06437768240343347 0.02924944812362031
56 0.361587982832618 0.4693708609271523 0.05793991416309013 0.039183222958057394
3 0.3908261802575107 0.11699779249448124 0.0992489270386266 0.03863134657836645
43 0.3758047210300429 0.6363134657836644 0.05740343347639485 0.04083885209713024
120 0.3935085836909871 0.8233995584988962 0.08315450643776824 0.04525386313465784
13 0.3897532188841202 0.17963576158940397 0.06920600858369098 0.023730684326710817
101 0.3948497854077253 0.7091611479028698 0.07296137339055794 0.026490066225165563
130 0.4007510729613734 0.8915562913907285 0.055793991416309016 0.024834437086092714
22 0.4071888412017167 0.22682119205298013 0.06330472103004292 0.04083885209713024
67 0.4179184549356223 0.5262141280353201 0.06759656652360516 0.02704194260485651
78 0.411480686695279 0.5855408388520972 0.05472103004291846 0.023178807947019868
43 0.4176502145922747 0.3250551876379691 0.06276824034334764 0.037527593818984545
32 0.4259656652360515 0.28090507726269315 0.060085836909871244 0.024282560706401765
57 0.42435622317596566 0.47433774834437087 0.0536480686695279 0.023730684326710817
90 0.4423283261802575 0.6473509933774835 0.05633047210300429 0.026490066225165563
131 0.4686158798283262 0.8940397350993378 0.06598712446351931 0.026490066225165563
14 0.46727467811158796 0.17770419426048564 0.05793991416309013 0.018763796909492272
102 0.45574034334763946 0.6997792494481236 0.028433476394849784 0.037527593818984545
121 0.48283261802575106 0.8347130242825607 0.07725321888412018 0.03145695364238411
23 0.4876609442060086 0.2315121412803532 0.07188841201716738 0.02152317880794702
79 0.4857832618025751 0.5855408388520972 0.06169527896995708 0.025386313465783666
4 0.48819742489270385 0.12306843267108168 0.0611587982832618 0.024282560706401765
68 0.5032188841201717 0.5300772626931567 0.08047210300429185 0.02704194260485651
44 0.49087982832618027 0.33002207505518766 0.05472103004291846 0.025386313465783666
33 0.532725321888412 0.2706953642384106 0.1255364806866953 0.04028697571743929
58 0.5010729613733905 0.4696467991169978 0.06223175965665236 0.03863134657836645
91 0.5029954115961867 0.6386075021234617 0.0506493684924582 0.04028697571743928
103 0.5254828326180258 0.7077814569536424 0.08744635193133048 0.02704194260485651
132 0.5324570815450643 0.8937637969094923 0.05203862660944206 0.024834437086092714
15 0.5641094420600858 0.18073951434878588 0.09817596566523605 0.02704194260485651
80 0.5622317596566524 0.5885761589403974 0.06437768240343347 0.023730684326710817
122 0.5785944206008584 0.826710816777042 0.09281115879828326 0.04304635761589404
5 0.5619635193133047 0.12196467991169978 0.05740343347639485 0.018763796909492272
24 0.5670600858369099 0.2306843267108168 0.06759656652360516 0.024282560706401765
45 0.5850321888412017 0.3269867549668874 0.09281115879828326 0.04690949227373068
59 0.592274678111588 0.478476821192053 0.09227467811158799 0.03863134657836645
113 0.5847639484978541 0.7729028697571744 0.04935622317596566 0.028145695364238412
69 0.5936158798283262 0.5317328918322296 0.06062231759656652 0.023730684326710817
133 0.6075643776824035 0.8901766004415012 0.07457081545064377 0.037527593818984545
104 0.6156115879828327 0.7116445916114791 0.06598712446351931 0.024834437086092714
93 0.6389484978540773 0.6451434878587197 0.0944206008583691 0.025386313465783666
81 0.619098712446352 0.5830573951434879 0.02467811158798283 0.025938189845474614
6 0.6563841201716738 0.12527593818984548 0.09495708154506438 0.026490066225165563
25 0.6797210300429185 0.23013245033112584 0.11802575107296137 0.039735099337748346
34 0.6483369098712446 0.28118101545253865 0.054184549356223174 0.030353200883002206
70 0.6609442060085837 0.5300772626931567 0.06545064377682404 0.018211920529801324
16 0.6719420600858369 0.18267108167770418 0.08637339055793991 0.023178807947019868
82 0.6891094420600858 0.592439293598234 0.10354077253218884 0.02704194260485651
123 0.6735515021459227 0.8294701986754967 0.0713519313304721 0.03421633554083885
60 0.6781115879828327 0.48620309050772625 0.059012875536480686 0.025386313465783666
46 0.6810622317596566 0.336644591611479 0.05633047210300429 0.03863134657836645
105 0.6909871244635193 0.7119205298013245 0.06759656652360516 0.026490066225165563
134 0.6866952789699571 0.8912803532008831 0.05686695278969957 0.04304635761589404
35 0.7218347639484979 0.28118101545253865 0.078862660944206 0.0369757174392936
94 0.7277360515021459 0.6495584988962473 0.06706008583690987 0.026490066225165563
71 0.7430257510729614 0.5342163355408388 0.07081545064377683 0.03863134657836645
115 0.7778969957081545 0.7662803532008831 0.1351931330472103 0.0369757174392936
61 0.7494635193133047 0.4870309050772627 0.06437768240343347 0.02152317880794702
47 0.7532188841201717 0.3416114790286976 0.05793991416309013 0.026490066225165563
7 0.7607296137339056 0.1261037527593819 0.06866952789699571 0.024834437086092714
17 0.784871244635193 0.184326710816777 0.11480686695278969 0.02649006622516556
119 0.7778969957081545 0.83719646799117 0.09978540772532189 0.025386313465783666
135 0.7811158798283262 0.8915562913907285 0.0944206008583691 0.04690949227373068
106 0.8039163090128756 0.7155077262693157 0.13572961373390557 0.02924944812362031
83 0.818401287553648 0.5957505518763797 0.13143776824034334 0.039183222958057394
26 0.7842350382640844 0.23785871964679908 0.06384120171673818 0.02097130242825607
95 0.7972103004291845 0.6454194260485652 0.05472103004291846 0.04911699779249448
36 0.8064989867619384 0.28590465613340066 0.06866952789699568 0.04375189174024887
48 0.8245708154506438 0.3416114790286976 0.06652360515021459 0.039735099337748346
62 0.8304721030042919 0.48427152317880795 0.07296137339055794 0.0369757174392936
72 0.8334227467811158 0.5419426048565121 0.078862660944206 0.025386313465783666
8 0.8615879828326181 0.1272075055187638 0.11051502145922747 0.025938189845474614
96 0.8696351931330472 0.6550772626931567 0.06652360515021459 0.02759381898454746
125 0.8937768240343348 0.831953642384106 0.11266094420600858 0.045805739514348784
27 0.8857296137339056 0.2293046357615894 0.09334763948497854 0.04470198675496689
116 0.8937768240343348 0.7770419426048565 0.07510729613733906 0.025386313465783666
37 0.8905579399141631 0.2927704194260486 0.05686695278969957 0.025938189845474614
18 0.9155042918454935 0.1823951434878587 0.08851931330472103 0.024834437086092714
49 0.9155042918454935 0.3352649006622517 0.0842274678111588 0.04359823399558499
63 0.908530042918455 0.4928256070640177 0.05740343347639485 0.02759381898454746
107 0.9267703862660944 0.7201986754966887 0.07993562231759657 0.02869757174392936
84 0.9299892703862661 0.6026490066225165 0.06598712446351931 0.025386313465783666
73 0.9377682403433476 0.5411147902869757 0.07832618025751073 0.04028697571743929
97 0.9468884120171673 0.647075055187638 0.07188841201716738 0.05022075055187638
9 0.9533261802575107 0.12693156732891833 0.060085836909871244 0.025386313465783666
38 0.9651287553648069 0.2913907284768212 0.06974248927038626 0.02097130242825607
92 0.5540079461774052 0.6458706897999777 0.04350297793263336 0.03665554425652542
112 0.4808438469270674 0.7661008749613811 0.11864448527081822 0.048385318418613404
42 0.6553501106795625 0.7734319838126862 0.062288354767179574 0.04838531841861358
136 0.8778085205623466 0.8965946125146117 0.07019798711856733 0.039587987797047454
137 0.9410855793734496 0.8980608342848726 0.04251427388870983 0.0571826490401797
