0 0.0932377049180328 0.054465776293823036 0.16188524590163936 0.041318864774624375
21 0.09042008196721311 0.17967445742904845 0.1449795081967213 0.03814783948332311
28 0.07120901639344263 0.22600166944908182 0.10450819672131148 0.03213689482470785
91 0.06173155737704918 0.6606844741235393 0.07530737704918032 0.035058430717863104
7 0.060706967213114756 0.09682804674457429 0.07120901639344263 0.02671118530884808
14 0.06839139344262295 0.1371035058430718 0.0855532786885246 0.022120200333889815
43 0.06941598360655737 0.3236644407345576 0.08452868852459017 0.03631051752921536
35 0.08478483606557377 0.27003338898163604 0.10809426229508197 0.037562604340567615
51 0.06685450819672131 0.3747913188647746 0.06915983606557377 0.02337228714524207
75 0.07658811475409837 0.5707429048414023 0.0855532786885246 0.022120200333889815
83 0.12295081967213115 0.6145659432387313 0.16700819672131148 0.03714524207011686
99 0.11808401639344263 0.7109766277128547 0.15625 0.02378964941569282
119 0.10015368852459017 0.8547579298831386 0.11936475409836066 0.024207011686143573
126 0.10040983606557377 0.9010851419031719 0.11885245901639344 0.03171953255425709
67 0.09733606557377049 0.5254590984974958 0.11168032786885246 0.02587646076794658
106 0.12397540983606557 0.7537562604340567 0.16188524590163936 0.02587646076794658
112 0.12628073770491804 0.8040484140233722 0.16444672131147542 0.03046744574290484
134 0.08529713114754098 0.9520033388981636 0.07325819672131148 0.03672787979966611
53 0.1014890134795624 0.4453255425709516 0.12095698831189211 0.027545909849749584
61 0.14728483606557377 0.48184474123539234 0.0783811475409836 0.01961602671118531
52 0.15445696721311475 0.3743739565943239 0.07735655737704918 0.02337228714524207
8 0.19390368852459017 0.09808013355592654 0.14395491803278687 0.025041736227045076
92 0.1713627049180328 0.6636060100166945 0.08657786885245902 0.02003338898163606
15 0.20850409836065573 0.14273789649415694 0.15061475409836064 0.02671118530884808
44 0.17392418032786885 0.32679465776293826 0.07940573770491803 0.02587646076794658
60 0.16854508196721313 0.5713689482470785 0.06557377049180328 0.024207011686143573
36 0.2038934426229508 0.2781719532554257 0.0932377049180328 0.02378964941569282
29 0.22592213114754098 0.23643572621035058 0.12807377049180327 0.034641068447412354
135 0.2333504098360656 0.9534641068447413 0.13268442622950818 0.04048414023372287
68 0.23914751621041316 0.5273372287145243 0.11146348726046179 0.024624373956594323
127 0.23898565573770492 0.8994156928213689 0.1173155737704918 0.04340567612687813
54 0.24743852459016394 0.4426126878130217 0.13114754098360656 0.025459098497495825
120 0.24103483606557377 0.8526711185308848 0.1019467213114754 0.041736227045075125
22 0.22745901639344263 0.18176126878130217 0.07377049180327869 0.03297161936560935
62 0.25589139344262296 0.4822621035058431 0.09887295081967214 0.02378964941569282
1 0.23924180327868852 0.05237896494156928 0.06147540983606557 0.027963272120200333
100 0.2838114754098361 0.7030467445742905 0.12295081967213115 0.03380634390651085
77 0.3171037919829729 0.5667904364578171 0.17783669945493077 0.027963272120200333
107 0.2989241803278688 0.7539649415692822 0.1255122950819672 0.028797996661101836
45 0.29764344262295084 0.3257512520868113 0.11782786885245902 0.04382303839732888
113 0.28611680327868855 0.8046744574290484 0.08965163934426229 0.035058430717863104
84 0.29072745901639346 0.6208263772954925 0.09067622950819672 0.024624373956594323
93 0.30968237704918034 0.6663188647746243 0.12653688524590165 0.026293823038397328
37 0.3276127049180328 0.2798414023372287 0.08145491803278689 0.022954924874791317
9 0.328125 0.09828881469115192 0.07530737704918032 0.022954924874791317
2 0.3452868852459016 0.05884808013355593 0.10553278688524591 0.024207011686143573
23 0.3391393442622951 0.18447412353923207 0.09118852459016394 0.024207011686143573
16 0.3724385245901639 0.14252921535893157 0.10860655737704918 0.026293823038397328
30 0.35604508196721313 0.2301752921535893 0.07172131147540983 0.022120200333889815
69 0.3609118852459016 0.5302587646076795 0.07428278688524591 0.025459098497495825
121 0.3744877049180328 0.8603923205342237 0.09733606557377049 0.02963272120200334
136 0.3734631147540984 0.955550918196995 0.0932377049180328 0.03631051752921536
63 0.3724385245901639 0.48580968280467446 0.08504098360655737 0.03005008347245409
55 0.36936475409836067 0.4411519198664441 0.0778688524590164 0.02337228714524207
42 0.3901127049180328 0.8023789649415692 0.08965163934426229 0.03380634390651085
128 0.4024077868852459 0.9102671118530885 0.1019467213114754 0.02671118530884808
101 0.41111680327868855 0.7118113522537562 0.08657786885245902 0.025459098497495825
10 0.4465277748615815 0.09849749582637729 0.1412645315263857 0.02337228714524207
94 0.4369877049180328 0.6654841402337228 0.0860655737704918 0.02378964941569282
46 0.4334016393442623 0.3259599332220367 0.07479508196721311 0.04340567612687813
85 0.4600409836065574 0.6179048414023373 0.11577868852459017 0.022954924874791317
38 0.4421106557377049 0.27796327212020033 0.07479508196721311 0.021702838063439065
31 0.44723360655737704 0.22892320534223706 0.07991803278688525 0.025459098497495825
108 0.4561392207644715 0.7522830193017823 0.09698413322034495 0.03136358771743585
24 0.45081967213114754 0.1851001669449082 0.07991803278688525 0.025459098497495825
70 0.4556864754098361 0.5292153589315526 0.07120901639344263 0.02337228714524207
78 0.4649077868852459 0.5713689482470785 0.07940573770491803 0.022537562604340568
3 0.5058913934426229 0.050709515859766276 0.15317622950819673 0.041318864774624375
56 0.47054303278688525 0.4346828046744574 0.07428278688524591 0.03714524207011686
122 0.49769467213114754 0.8518363939899833 0.11219262295081968 0.03923205342237062
137 0.4761782786885246 0.9582637729549248 0.051741803278688527 0.03005008347245409
64 0.5417520491803278 0.4791318864774624 0.16444672131147542 0.04257095158597663
17 0.5317622950819673 0.1448247078464107 0.1413934426229508 0.028380634390651086
129 0.5056352459016393 0.9069282136894825 0.07172131147540983 0.03005008347245409
102 0.508452868852459 0.7034641068447413 0.038422131147540985 0.03380634390651085
47 0.5361168032786885 0.3313856427378965 0.0855532786885246 0.035058430717863104
39 0.5327868852459017 0.2825542570951586 0.06967213114754098 0.02921535893155259
95 0.5484118852459017 0.6619365609348915 0.08043032786885246 0.045075125208681135
138 0.5402151639344263 0.9641068447412354 0.04764344262295082 0.020868113522537562
25 0.6004098360655737 0.18009181969949917 0.15881147540983606 0.03213689482470785
57 0.5581454918032787 0.4434474123539232 0.07223360655737705 0.026293823038397328
32 0.5574018615667162 0.23080133555926544 0.07991803278688525 0.02671118530884808
71 0.5627561475409836 0.5221202003338898 0.0783811475409836 0.0333889816360601
11 0.5813308561008458 0.09702425469410277 0.11024696320719103 0.03923205342237062
79 0.578229973872226 0.5753338898163606 0.06838678810504398 0.027963272120200333
109 0.5942622950819673 0.7568864774624374 0.11372950819672131 0.03547579298831385
103 0.6032274590163934 0.7097245409015025 0.11834016393442623 0.028797996661101836
86 0.5891393442622951 0.6141485809682805 0.08913934426229508 0.03547579298831385
115 0.5637280517323185 0.7994699022341111 0.18883285583532014 0.03366418159912328
130 0.6001536885245902 0.9140233722871453 0.07120901639344263 0.025041736227045076
139 0.6285860655737705 0.9674457429048414 0.08504098360655737 0.025041736227045076
123 0.6280737704918032 0.8566360601001669 0.0778688524590164 0.04048414023372287
96 0.6503586065573771 0.6656928213689483 0.09375 0.024207011686143573
4 0.6439549180327869 0.055926544240400666 0.07991803278688525 0.025041736227045076
40 0.6716188524590164 0.2842237061769616 0.12295081967213115 0.03171953255425709
58 0.6693135245901639 0.4357262103505843 0.1019467213114754 0.0325542570951586
48 0.6590676229508197 0.328881469115192 0.07530737704918032 0.045909849749582635
72 0.6795594262295082 0.5275459098497496 0.10092213114754098 0.021702838063439065
18 0.6918545081967213 0.14816360601001669 0.10706967213114754 0.037562604340567615
33 0.7215676229508197 0.22203672787979967 0.16547131147540983 0.041736227045075125
65 0.7064549180327869 0.4845575959933222 0.11987704918032786 0.030884808013355594
87 0.6828893442622951 0.6160267111853088 0.05327868852459016 0.040901502504173626
131 0.703125 0.9179883138564274 0.08247950819672131 0.027963272120200333
12 0.7205430327868853 0.09390651085141903 0.10297131147540983 0.030884808013355594
116 0.7082479508196722 0.8053005008347245 0.07428278688524591 0.024624373956594323
110 0.711577868852459 0.7552170283806344 0.07581967213114754 0.05414313180058516
104 0.7333504098360656 0.7101419031719532 0.10297131147540983 0.025459098497495825
119 0.7497438524590164 0.8670701168614358 0.11219262295081968 0.02712854757929883
140 0.7287397540983607 0.9745409015025042 0.06403688524590163 0.0325542570951586
26 0.7397540983606558 0.1823873121869783 0.07479508196721311 0.02003338898163606
81 0.7313012295081968 0.5707429048414023 0.030225409836065573 0.01961602671118531
49 0.7722848360655737 0.3209515859766277 0.11116803278688525 0.03672787979966611
97 0.7733094262295082 0.662771285475793 0.10502049180327869 0.034223706176961605
88 0.765625 0.6135225375626043 0.08760245901639344 0.030884808013355594
5 0.754152947905792 0.052157810620647005 0.09464612863097532 0.02378964941569282
41 0.8063524590163934 0.2731636060100167 0.09221311475409837 0.03547579298831385
132 0.8058401639344263 0.9184056761268782 0.07581967213114754 0.024624373956594323
117 0.8455430327868853 0.8071786310517529 0.15112704918032788 0.02337228714524207
82 0.8386270491803278 0.5740818030050083 0.13012295081967212 0.02712854757929883
73 0.8186475409836066 0.5235809682804674 0.08913934426229508 0.037979966611018365
111 0.8591188524590164 0.7587646076794657 0.16700819672131148 0.025041736227045076
141 0.8125 0.9755843071786311 0.06967213114754098 0.028797996661101836
19 0.8206967213114754 0.1454507512520868 0.07274590163934426 0.027963272120200333
66 0.8586065573770492 0.4812186978297162 0.13524590163934427 0.022537562604340568
13 0.842912082695162 0.10372699739270856 0.10301474179856017 0.02504173622704508
27 0.8650102459016394 0.17842237061769617 0.12243852459016395 0.040587233151022306
105 0.8588627049180327 0.7130634390651085 0.10604508196721311 0.027963272120200333
59 0.8044521530068544 0.43802170283806346 0.11060135704058162 0.045492487479131885
6 0.8773053278688525 0.0598914858096828 0.12038934426229508 0.026293823038397328
43 0.8728912699447993 0.6107972096189775 0.09201884682163776 0.037562604340567615
125 0.9070184426229508 0.864983305509182 0.14805327868852458 0.0505008347245409
98 0.8913934426229508 0.6596410684474123 0.10553278688524591 0.034641068447412354
50 0.8913934426229508 0.32679465776293826 0.09836065573770492 0.04257095158597663
34 0.8849897540983607 0.22996661101836394 0.06915983606557377 0.025041736227045076
133 0.9108606557377049 0.9186143572621035 0.09836065573770492 0.0333889816360601
20 0.9300717213114754 0.14169449081803004 0.12961065573770492 0.04382303839732888
42 0.9087271132961162 0.2833765084503633 0.09169814217694575 0.03213689482470785
60 0.9116290983606558 0.44052587646076796 0.07223360655737705 0.026293823038397328
90 0.9551741803278688 0.6193656093489148 0.0701844262295082 0.02921535893155259
118 0.9702868852459017 0.8103088480801336 0.042008196721311473 0.02712854757929883
57 0.904626422724658 0.5237372225235958 0.07341319343928757 0.04272399283596137
80 0.6475736045222842 0.5722268839693085 0.06669495167518939 0.029827663855342933
