94 0.045174537987679675 0.7262693156732892 0.07186858316221766 0.033112582781456956
57 0.04774127310061602 0.6241721854304635 0.07597535934291583 0.04274806797393166
134 0.03875770020533881 0.9274282560706403 0.05390143737166325 0.05987998523220794
115 0.0834188911704312 0.8173289183222958 0.1391170431211499 0.052714072973309205
106 0.07771600840894988 0.7742825607064018 0.1211498973305955 0.03863134657836645
119 0.07161190965092402 0.8773628753168181 0.10728952772073921 0.052888777164283196
64 0.08746091250836319 0.5693640193975794 0.13963039014373715 0.05788589944197936
85 0.06457674787682995 0.6741169977924945 0.09137577002053392 0.052852932940898975
53 0.07443531827515401 0.5123974761436727 0.11434689005279071 0.05206321034401192
0 0.08050326720715513 0.12970372403413705 0.10985626283367557 0.06064166266816111
52 0.07478198009324796 0.3930631383691264 0.09669535763128581 0.04737326932719423
10 0.07802874743326489 0.1879139072847682 0.09034907597535935 0.02704194260485651
20 0.09163244353182752 0.23730684326710816 0.114476386036961 0.06346049143210877
30 0.07180382831945153 0.29194260485651213 0.07340862422997947 0.037375369800935004
41 0.07648870636550308 0.336644591611479 0.07700205338809035 0.052980132450331126
135 0.12120596284361689 0.9314119591202683 0.07135523613963042 0.05901560885282001
95 0.1339835728952772 0.7248896247240618 0.08418891170431211 0.04470198675496689
75 0.1365503080082136 0.6262930611571405 0.08316221765913759 0.03633923007750387
31 0.14681724845995894 0.2969094922737307 0.057494866529774126 0.05133964589127602
86 0.24424053219070668 0.6773859251609332 0.07956878850102674 0.05418738122823648
11 0.18223819301848052 0.18294701986754966 0.0970257129886895 0.05118362594627996
125 0.2035420944558522 0.8725165562913906 0.12577002053388092 0.05752722764082969
54 0.19994866529774127 0.5165562913907286 0.11036960985626285 0.05426516278978539
1 0.17145790554414783 0.12444812362030905 0.045174537987679675 0.04359823399558499
107 0.18916837782340862 0.7795253863134658 0.07443531827515401 0.0369757174392936
42 0.1615798972362203 0.3462280371757332 0.08351912728514749 0.05787800389486405
21 0.2214532797274485 0.2419007133716329 0.13137948008205158 0.0574799164460241
116 0.2030287474332649 0.8220894703621942 0.0631416837782341 0.04533863255194301
136 0.2166324435318275 0.9346026490066225 0.08521560574948665 0.05905077262693157
65 0.22381930184804935 0.57560706401766 0.10196372176089187 0.050839277625651755
60 0.2173877417372217 0.6266716779526564 0.06057494866529776 0.03963646290634399
98 0.22664271047227927 0.7265452538631346 0.07443531827515401 0.05132450331125828
32 0.22407597535934293 0.29911699779249445 0.06622176591375771 0.04926611094762729
2 0.24143139613043035 0.1288156119039259 0.08623864890661956 0.044979508081163674
43 0.25205338809034905 0.3462280371757332 0.06365503080082137 0.052251556371309495
12 0.2682238193018481 0.1752207505518764 0.07546201232032855 0.05247534721562779
117 0.31160164271047236 0.833609271523179 0.11704312114989734 0.03993595816420014
77 0.3236652977412731 0.6233443708609272 0.12268993839835729 0.05022075055187638
108 0.294917864476386 0.7858719646799117 0.06314168377823409 0.03642384105960265
137 0.29081108829568786 0.9252207505518764 0.054928131416837785 0.04690949227373068
55 0.29594455852156065 0.5063465783664458 0.06314168377823409 0.06137109620188708
33 0.32674537987679675 0.2927704194260486 0.12371663244353184 0.0622398280667008
126 0.31853182751540043 0.8785871964679912 0.0959958932238193 0.04194260485651214
66 0.3323921971252568 0.5730398289620591 0.09394250513347027 0.0452497548841677
87 0.3044615039672123 0.6755736065111143 0.05157266201886158 0.06168286927431649
99 0.35728952772073924 0.7328918322295805 0.13757700205338813 0.05091453746333974
3 0.3526694045174539 0.12748344370860928 0.12422997946611909 0.059986836223669
44 0.321611909650924 0.353476821192053 0.056981519507186856 0.04626308118544252
22 0.33213552361396304 0.2378587196467991 0.06776180698151951 0.05561630945681602
13 0.3621663244353183 0.18432671081677704 0.09496919917864478 0.04850623374722317
138 0.34548254620123203 0.9417770419426046 0.03490759753593429 0.045352618118014235
88 0.37217659137577 0.6730132450331126 0.0862422997946612 0.04300785195746928
56 0.35934291581108835 0.5041390728476821 0.056468172484599594 0.06579170495971622
109 0.38526694045174537 0.7853200883002207 0.09496919917864477 0.03863134657836645
45 0.4155544147843943 0.3553028586233052 0.10420944558521562 0.059602649006622516
23 0.41119096509240244 0.2414459161147903 0.08418891170431211 0.04549917699153558
139 0.41889117043121155 0.9478476821192053 0.06776180698151951 0.06155391660105718
127 0.42813141683778233 0.8824503311258278 0.08316221765913757 0.04304635761589404
78 0.4250513347022588 0.6321743929359823 0.0646817248459959 0.04090789618983701
67 0.4371149897330596 0.5731236203090507 0.08675564681724846 0.0502501566550142
57 0.4317248459958933 0.522075055187638 0.06878850102669407 0.05094713311234766
118 0.42992813141683783 0.8362480850298422 0.06006160164271048 0.03366445916114791
14 0.44173511293634504 0.1804635761589404 0.06314168377823409 0.047077358104002265
34 0.44173511293634515 0.290607220455529 0.05287474332648873 0.050608812347201
43 0.4537987679671458 0.6741169977924945 0.06570841889117043 0.04470198675496689
4 0.4629929067041938 0.12963703907008037 0.07948901618008941 0.03781305228303228
100 0.49295768416902913 0.7348233995584988 0.10831622176591378 0.050751965712210495
110 0.4902464065708419 0.7792494481236203 0.059548254620123205 0.04856512141280353
24 0.4948665297741274 0.238962472406181 0.05852156057494867 0.04403278875710701
79 0.502053388090349 0.6318984547461368 0.06878850102669407 0.03807542756044565
119 0.5228439425051336 0.8410596026490066 0.10626283367556469 0.051178023434773526
140 0.5048767967145791 0.9486754966887417 0.06724845995893224 0.0493240935041069
58 0.509240246406571 0.5074503311258279 0.07186858316221767 0.07496631865235522
35 0.5159137577002053 0.28532008830022076 0.07084188911704312 0.04415011037527594
46 0.5151437371663244 0.34271523178807956 0.06827515400410678 0.05636015830038074
68 0.5382443531827517 0.5742273730684326 0.10010266940451747 0.050776823213510514
15 0.5426078028747433 0.173841059602649 0.10677618069815195 0.046357615894039736
90 0.5228439425051334 0.6788079470198676 0.05390143737166325 0.04397067862437345
128 0.5402977412731007 0.8934878587196468 0.07956878850102671 0.04604139003147462
5 0.5454312114989733 0.12693156732891833 0.06314168377823409 0.025386313465783666
111 0.5929158110882957 0.7875275938189845 0.1293634496919918 0.03421633554083885
25 0.5995893223819302 0.2326158940397351 0.12012320328542096 0.04576236234960517
141 0.5795687885010268 0.9467439293598233 0.05852156057494867 0.046078575268457135
47 0.5885523613963041 0.35264900662251664 0.07032854209445585 0.05083836172134589
101 0.6022563614940027 0.7389624724061811 0.09548254620123203 0.042444859660642285
36 0.6021560574948666 0.28532008830022076 0.07084188911704312 0.04856512141280353
129 0.6160164271047229 0.8879690949227373 0.05544147843942506 0.056215126507257844
120 0.625 0.8316777041942605 0.06827515400410678 0.05077262693156733
6 0.6457905544147844 0.12665562913907286 0.1026694045174538 0.0336644591611479
69 0.6301771123307001 0.5718720272550594 0.07154803313438737 0.04759090037005162
59 0.6078471132294415 0.5132984717521047 0.10256870788857439 0.06711722902266226
16 0.6501540041067762 0.18018763796909493 0.09188911704312115 0.0358719646799117
92 0.659394250513347 0.6840507726269316 0.07546201232032855 0.05542181153925284
81 0.6414271047227926 0.6244481236203091 0.04362892453052291 0.040081174135225314
48 0.6650410677618069 0.3468543046357616 0.0580082135523614 0.05662323985525994
37 0.6801848049281315 0.2944260485651214 0.07392197125256673 0.04538209421618068
130 0.6864452731983149 0.8915562913907285 0.06776180698151951 0.04989351447414527
102 0.6745379876796717 0.7335990784073259 0.029774127310061602 0.046356222871861634
60 0.6891123123103876 0.5160740178235629 0.049281314168377825 0.06501804127874933
26 0.6901950718685833 0.23233995584988962 0.05287474332648871 0.047646806934833565
82 0.7181724845995895 0.6283112582781457 0.10472279260780287 0.04601453328022856
112 0.7374229979466119 0.7922185430463576 0.13809034907597537 0.0336644591611479
121 0.7125256673511294 0.844646799116998 0.08008213552361396 0.051395969463179925
103 0.7385324811801334 0.7382900276346986 0.0930331159197094 0.050923990722164365
17 0.7686745595353173 0.1765260504207663 0.12575435854562292 0.0369757174392936
49 0.747946611909651 0.3360927152317881 0.08521560574948665 0.05077262693156733
7 0.7417864476386037 0.12472406181015452 0.06981519507186858 0.03090507726269316
93 0.771817248459959 0.6851545253863135 0.12679671457905545 0.049215655881500495
61 0.7488730019556897 0.5160392164173004 0.06262833675564683 0.061635249846928065
131 0.7651437371663244 0.8915562913907285 0.08059548254620125 0.04276427935241123
38 0.7671971252566736 0.2869757174392936 0.08834000842041463 0.04104981467901395
71 0.762063655030801 0.5670529801324504 0.06519507186858317 0.05016227340946221
27 0.7761512534949776 0.2252361438924109 0.09789568849684938 0.055565156154526216
122 0.8062675644863273 0.8381100495462351 0.09240246406570843 0.04525386313465784
83 0.8485626283367558 0.6244481236203091 0.1427104722792608 0.04781537408784302
62 0.8226386036960985 0.5206953642384107 0.06930184804928133 0.05767807091342413
8 0.840605749486653 0.12058498896247241 0.09907597535934291 0.0380794701986755
50 0.8508726899383984 0.34602649006622516 0.09394250513347023 0.05408388520971302
72 0.8521560574948666 0.5687086092715232 0.0862422997946612 0.041566502154855016
132 0.8416324435318281 0.8852793158368079 0.06314168377823412 0.04823369163495365
39 0.8431724845995895 0.29001103752759383 0.06314168377823409 0.04683975732308224
113 0.8494987630816825 0.7897991482853667 0.05728488920713056 0.04681782165815417
28 0.8554928131416839 0.2229580573951435 0.054928131416837785 0.0480537382930736
18 0.8762833675564682 0.173841059602649 0.08008213552361396 0.04851172882761486
94 0.872946611909651 0.684878587196468 0.0662217659137577 0.03200883002207505
123 0.909394250513347 0.8322295805739515 0.08059548254620123 0.04746136865342163
63 0.8998530921093679 0.5196264128852914 0.0631416837782341 0.05576339582236901
133 0.9232546201232034 0.8896247240618101 0.08059548254620125 0.05966634586588719
105 0.9227412731006162 0.7334437086092715 0.07238193018480493 0.05351883098943247
40 0.9407084188911705 0.2872516556291391 0.10523613963039016 0.05731471270829678
29 0.9345482546201234 0.2259933774834437 0.07854209445585217 0.04436004258165129
9 0.9342915811088296 0.11065121412803532 0.06776180698151951 0.0358719646799117
51 0.9401950718685832 0.34381898454746135 0.07340862422997947 0.03200883002207505
73 0.9577830720416253 0.56720082042706 0.09022281945949721 0.044702655357302855
95 0.9509753593429158 0.6766004415011038 0.07751540041067762 0.0640176600441501
19 0.9499486652977412 0.1672185430463576 0.058008213552361396 0.037527593818984545
84 0.9624815003656694 0.6244641724338926 0.07773711487604627 0.03885640255104755
70 0.6968820961138679 0.5755422218601564 0.06032036417693784 0.04105406334062529
80 0.5846809139299233 0.6270896889146185 0.08106485683707702 0.047225689489609694
91 0.5909988859949208 0.6716550496670514 0.0632158071111886 0.04982085235242874
104 0.8249773344869297 0.7336330255353428 0.0743365685363111 0.04985398769404061
42 0.9158122055585993 0.7870668268983767 0.06991594152145064 0.04961171345735641
