141 0.0632066541812476 0.9467857411322746 0.08040031289015362 0.03551136363636364
42 0.07461873638344227 0.7902462121212122 0.09586056644880174 0.03977272727272727
79 0.06862745098039216 0.5771780303030303 0.07952069716775599 0.02462121212121212
97 0.08442265795206971 0.6775568181818182 0.10675381263616558 0.038825757575757576
106 0.1116557734204793 0.7322443181818182 0.15904139433551198 0.026041666666666668
70 0.0718954248366013 0.5220170454545454 0.07298474945533769 0.023200757575757576
53 0.105119825708061 0.4199810606060606 0.1383442265795207 0.02556818181818182
62 0.08687363834422658 0.4734848484848485 0.10185185185185185 0.02556818181818182
44 0.07706971677559912 0.3262310606060606 0.07788671023965142 0.02462121212121212
34 0.08006535947712418 0.2734375 0.07952069716775599 0.030776515151515152
25 0.11247276688453159 0.22088068181818182 0.14324618736383443 0.03361742424242424
9 0.07924836601307189 0.12902462121212122 0.07352941176470588 0.02225378787878788
17 0.10166213077651604 0.1768465909090909 0.13671023965141613 0.02793560606060606
0 0.11029411764705882 0.07670454545454546 0.12908496732026145 0.028409090909090908
80 0.1535250743097504 0.5720480796334795 0.07924321258942556 0.024147727272727272
35 0.16013071895424835 0.2701231060606061 0.10021786492374728 0.034564393939393936
45 0.18246187363834424 0.3236268939393939 0.12309368191721133 0.04024621212121212
98 0.19417211328976036 0.6732954545454546 0.10403050108932461 0.030303030303030304
63 0.18273420479302832 0.47632575757575757 0.07788671023965142 0.03125
1 0.2088779956427015 0.07173295454545454 0.06045751633986928 0.028882575757575756
18 0.2380174291938998 0.1815814393939394 0.1056644880174292 0.030776515151515152
26 0.22603485838779958 0.22443181818181818 0.07952069716775599 0.021780303030303032
107 0.2440087145969499 0.7279829545454546 0.10021786492374728 0.024147727272727272
81 0.22521786492374726 0.5736268939393939 0.03104575163398693 0.026041666666666668
2 0.28227447011688245 0.07291666666666667 0.08478310267689602 0.022727272727272728
64 0.3281590413943355 0.4680397727272727 0.16394335511982572 0.04024621212121212
46 0.2900326797385621 0.33049242424242425 0.0789760348583878 0.03977272727272727
99 0.3243464052287582 0.6796875 0.14324618736383443 0.03172348484848485
133 0.3134531590413943 0.8861268939393939 0.10838779956427015 0.032670454545454544
82 0.32570806100217864 0.5809659090909091 0.1318082788671024 0.03409090909090909
27 0.3216230936819172 0.22206439393939395 0.10076252723311546 0.029356060606060608
108 0.3543028322440087 0.7289299242424242 0.0855119825708061 0.03172348484848485
47 0.37425916004166154 0.3292815216113546 0.07825450973166785 0.04261363636363636
73 0.3899782135076253 0.5210700757575758 0.10784313725490197 0.032670454545454544
3 0.41312636165577343 0.06747159090909091 0.1443355119825708 0.03361742424242424
12 0.4153050108932462 0.12073863636363637 0.10076252723311546 0.03125
28 0.4199346405228758 0.2265625 0.09368191721132897 0.02793560606060606
92 0.4226579520697168 0.6252367424242424 0.09259259259259259 0.02225378787878788
83 0.4850217864923747 0.578125 0.16830065359477125 0.041666666666666664
56 0.4452614379084967 0.4178503787878788 0.08333333333333333 0.036458333333333336
109 0.46977124183006536 0.7353219696969697 0.11601307189542484 0.04261363636363636
135 0.5122549019607843 0.8863636363636364 0.1323529411764706 0.03125
57 0.4891067538126362 0.5293560606060606 0.08169934640522876 0.023674242424242424
13 0.5174291938997821 0.125 0.10239651416122005 0.023674242424242424
29 0.525871459694989 0.23674242424242425 0.11819172113289761 0.036931818181818184
93 0.5490196078431373 0.6290246212121212 0.14923747276688454 0.024147727272727272
57 0.528322440087146 0.4285037878787879 0.07298474945533769 0.027462121212121212
75 0.5808823529411765 0.5298295454545454 0.08986928104575163 0.023674242424242424
110 0.5724400871459695 0.7291666666666666 0.06427015250544663 0.03598484848484849
126 0.619281045751634 0.8300189393939394 0.1394335511982571 0.03409090909090909
58 0.6241830065359477 0.4244791666666667 0.11655773420479303 0.043087121212121215
14 0.616557734204793 0.12476325757575757 0.09259259259259259 0.02130681818181818
84 0.6200980392156863 0.5785984848484849 0.09640522875816994 0.022727272727272728
136 0.6255446623093682 0.8920454545454546 0.08442265795206971 0.03977272727272727
30 0.6312636165577342 0.23035037878787878 0.09041394335511982 0.023200757575757576
111 0.6791938997821351 0.7372159090909091 0.14596949891067537 0.027462121212121212
60 0.6639433551198257 0.532907196969697 0.0718954248366013 0.026041666666666668
50 0.690631808278867 0.33570075757575757 0.10675381263616558 0.041666666666666664
15 0.7352941176470589 0.12878787878787878 0.13616557734204793 0.027462121212121212
137 0.6979847494553377 0.8858901515151515 0.0528322440087146 0.03125
31 0.7200435729847494 0.2324810606060606 0.07952069716775599 0.022727272727272728
85 0.7407407407407407 0.5800189393939394 0.11437908496732026 0.02462121212121212
127 0.7461873638344226 0.8364109848484849 0.10675381263616558 0.036458333333333336
77 0.789488017429194 0.5326704545454546 0.15522875816993464 0.038825757575757576
138 0.7508169934640523 0.8960700757575758 0.039760348583877995 0.024147727272727272
51 0.784041394335512 0.33049242424242425 0.07570806100217865 0.030303030303030304
32 0.8036492374727668 0.23271780303030304 0.08333333333333333 0.023200757575757576
7 0.8120915032679739 0.07054924242424243 0.05664488017429194 0.028409090909090908
68 0.8518518518518519 0.48082386363636365 0.11328976034858387 0.02225378787878788
86 0.8442265795206971 0.5755208333333334 0.0915032679738562 0.03551136363636364
16 0.8714596949891068 0.12949810606060605 0.13398692810457516 0.023200757575757576
96 0.8927015250544662 0.6349431818181818 0.14596949891067537 0.023674242424242424
52 0.8671023965141612 0.33049242424242425 0.08823529411764706 0.027462121212121212
60 0.8638344226579521 0.4330018939393939 0.07080610021786492 0.02793560606060606
8 0.9245642701525054 0.06605113636363637 0.1508714596949891 0.030776515151515152
33 0.9253812636165577 0.22514204545454544 0.14923747276688454 0.043087121212121215
121 0.9131263616557734 0.8008996212121212 0.12363834422657952 0.04403409090909091
78 0.9275599128540305 0.5343276515151515 0.11220043572984749 0.02225378787878788
140 0.9376361655773421 0.907907196969697 0.1247276688453159 0.046875
87 0.930143830536712 0.5820168575286238 0.07407407407407407 0.04230815701157803
61 0.9520697167755992 0.43016098484848486 0.0915032679738562 0.023200757575757576
69 0.9558823529411765 0.48674242424242425 0.08823529411764706 0.03125
4 0.5270623449614091 0.06760240313190623 0.06831505500600384 0.03977751057141234
5 0.6111816291105928 0.06539254143349442 0.07953095955922822 0.038304269439137825
6 0.7197719777395392 0.06686578256576896 0.11317867321890179 0.044197233968235945
10 0.17783986228146464 0.12432218672447569 0.11827681165218555 0.035357787174588755
11 0.2950970462469935 0.12137570445992663 0.10604127941230432 0.05598316302643219
19 0.33078401527998047 0.17441238522180977 0.07545244881260113 0.041250751703686916
20 0.45059026846215117 0.1780954880524961 0.13968899307197777 0.060402886423255815
21 0.5846713092575166 0.17588562635408428 0.12031606702549909 0.05892964529098125
22 0.6968303547897616 0.18251521144931965 0.06933468269266053 0.054509921894157654
23 0.7824790804689304 0.18325183201545694 0.0897272364257959 0.05009019849733407
24 0.8864811045079213 0.1773588674863588 0.08157021493254173 0.04419723396823595
36 0.2532923110940658 0.2679631971212425 0.07953095955922825 0.05156343962960862
37 0.34913731363980227 0.2738561616503406 0.09176649179910955 0.060402886423255815
38 0.44753138540218096 0.2804857467455759 0.08666835336582564 0.03830426943913784
39 0.5357291802979917 0.27974912617943865 0.0672954273193469 0.036831028306863293
41 0.7580080159891679 0.27974912617943876 0.09176649179910944 0.048616957365059534
42 0.8533432046915762 0.28343222901012505 0.08055058724588497 0.047143716232784995
43 0.9379723026840883 0.280485746745576 0.06831505500600378 0.05892964529098127
40 0.6371821351203405 0.2856420907085368 0.12133569471215597 0.048616957365059575
48 0.46282580070203233 0.3268928424122237 0.080550587245885 0.03977847057242112
49 0.5724359720994634 0.3298406020220579 0.11011080791187709 0.05447483734419946
54 0.24309603422749804 0.41602393091483286 0.12439457777212615 0.04419723396823587
55 0.3603532181930269 0.4145506897825583 0.07545244881260113 0.05598316302643219
59 0.7513804360258991 0.4307563422375782 0.12949271620540992 0.06187612755553027
65 0.4720024498819434 0.4697972322428532 0.1192964393388424 0.05156343962960862
66 0.600985352244025 0.47863667903650053 0.1223553223988126 0.045670475100510456
67 0.7371058434945316 0.4852675414770209 0.10911770190526715 0.047222934201417696
71 0.15591786701834406 0.5184141896079127 0.08055058724588497 0.045670475100510456
72 0.25482175262405093 0.5206240513063246 0.10910016247227458 0.041250751703686875
88 0.0774065351457726 0.6237509305655417 0.08258984261919854 0.04419723396823595
43 0.1824281868714201 0.6230143099994044 0.0723935657526308 0.04861695736505962
90 0.2639984018039619 0.6281706539623654 0.07035431037931726 0.041250751703686875
91 0.3409802921465482 0.6259607922639536 0.0611776611994063 0.045670475100510456
94 0.6657317103467301 0.6311171362269143 0.07647207649925784 0.035357787174588796
95 0.7615767128924666 0.6340636184914635 0.08666835336582564 0.05892964529098119
100 0.45568840689543505 0.6834171964226603 0.10706090709896107 0.04861695736505962
101 0.5617296863077393 0.6834171964226603 0.0723935657526308 0.04861695736505962
102 0.6341232520603701 0.6760509907612876 0.04792250127286828 0.039777510571412295
103 0.7156934669929119 0.6893101609517583 0.09482537485907994 0.04567047510051053
104 0.8263230709951717 0.6952031254808566 0.09380574717242306 0.048616957365059534
105 0.9247171427575501 0.6915200226501702 0.09074686411245278 0.05303668076188311
112 0.8344800924884258 0.7445567034120534 0.14886564225188875 0.04125075170368696
113 0.9486783933939843 0.7460299445443279 0.06321691657271987 0.04125075170368696
115 0.2114875759411381 0.7843342139834657 0.16925819598502415 0.05892964529098127
116 0.3435293613631901 0.7813877317189166 0.07239356575263076 0.05303668076188311
117 0.44549213002886734 0.7835975934173284 0.1233749500854693 0.042723992835961455
118 0.5530628509711568 0.782124352285054 0.0550598950794657 0.045670475100510456
119 0.6611433857567747 0.7872806962480148 0.12847308851875328 0.04714371623278512
120 0.791655924730669 0.7924383175562608 0.09734488253052505 0.049396917226366625
122 0.08454412403419777 0.8351623103922226 0.09307413448298059 0.03937362017294181
123 0.19466371911130137 0.8322145507823879 0.08462909799251206 0.030938063777765135
119 0.3119209030768302 0.8366342741792115 0.12949271620541003 0.030938063777765135
125 0.46639449760533114 0.8351610330469371 0.14682638687857516 0.05450992189415778
128 0.865068923088129 0.8462103415389961 0.08360947030585536 0.041250751703686785
129 0.9512274626106262 0.846210341538996 0.07035431037931728 0.04714371623278512
130 0.060582678315935876 0.8926174372056437 0.06933468269266051 0.039777510571412295
131 0.13858419634517893 0.8940906783379182 0.07443282112594436 0.04272399283596129
132 0.22117403896437746 0.8933540577717811 0.07035431037931726 0.04125075170368696
134 0.40062851181596937 0.8867244726765455 0.060158033512749544 0.04272399283596129
139 0.8217347464052163 0.8985104017347418 0.08462909799251202 0.04861695736505945
