139 0.06565517631985128 0.9821366559565531 0.16450434817012127 0.029864532019704435
130 0.04525862068965517 0.9441194581280788 0.06369731800766283 0.023706896551724137
123 0.07088122605363985 0.8977832512315271 0.09482758620689655 0.034482758620689655
117 0.09123563218390805 0.8545258620689655 0.13266283524904215 0.024938423645320198
98 0.10268286178228686 0.708682374886942 0.14221250036768604 0.05174948641592016
111 0.09328485935542119 0.8084975369458128 0.13888155707782024 0.039681380148167966
90 0.07382073615578086 0.6626354462048777 0.07950191570881227 0.03529333049006548
52 0.08165708812260536 0.3819273399014778 0.07327586206896551 0.023706896551724137
53 0.11542145593869732 0.4333435960591133 0.14080459770114942 0.025554187192118227
67 0.0988984674329502 0.5274014778325123 0.10775862068965517 0.022783251231527094
75 0.0930453957538886 0.5694273399014776 0.10045156167130678 0.03270497462145608
83 0.11970045191616059 0.609679781180247 0.14523192052745265 0.035098522167487683
60 0.08884099616858238 0.4813731527093596 0.08189655172413793 0.027401477832512317
37 0.09123563218390805 0.29079433497536944 0.07998084291187739 0.025554187192118227
45 0.10461262042785674 0.3286699942897521 0.10201149425287356 0.04099024560487722
21 0.11613984674329501 0.2059729064039409 0.12404214559386974 0.0332512315270936
0 0.11875827193509181 0.08836206896551722 0.16556670010724783 0.032019704433497526
7 0.09195402298850575 0.12884852216748768 0.06992337164750957 0.02744746391507463
28 0.09674329501915709 0.24060960591133004 0.07854406130268199 0.031711822660098525
14 0.10129310344827586 0.1667179802955665 0.08381226053639847 0.016933497536945813
105 0.10350557323741234 0.7597783468985704 0.1204216171844108 0.040792951586849154
131 0.1460641474264591 0.9392610184175882 0.0853992639806517 0.02709359605911329
91 0.17576628352490423 0.65625 0.07471264367816093 0.03479064039408867
8 0.21479885057471265 0.13100369458128078 0.1460727969348659 0.023091133004926108
61 0.2029262154154618 0.47521551724137934 0.09665016231317664 0.03302524851241749
119 0.20926686380599527 0.8983127425555194 0.11777658061735166 0.04930414623632357
38 0.1968390804597701 0.2854064039408867 0.08045977011494253 0.01847290640394089
29 0.20522030651340997 0.24876847290640394 0.09434865900383142 0.021551724137931036
60 0.19755747126436782 0.5697352216748769 0.07423371647509579 0.024938423645320198
15 0.24521072796934865 0.16995073891625614 0.14367816091954022 0.024630541871921183
68 0.2413793103448276 0.5210899014778325 0.1360153256704981 0.016933497536945813
46 0.210727969348659 0.33420566502463056 0.06896551724137931 0.031711822660098525
106 0.269184661239578 0.7547783686739885 0.16994197453026982 0.04767565124954352
99 0.25766283524904215 0.7056650246305417 0.1446360153256705 0.03332448520063577
22 0.23922413793103448 0.2041256157635468 0.07998084291187739 0.03263546798029557
112 0.28520114942528735 0.8058805418719212 0.1613984674329502 0.02432266009852217
54 0.2792145593869732 0.42780172413793105 0.14080459770114942 0.02185960591133005
118 0.25407088122605365 0.8562192118226601 0.07614942528735633 0.025246305418719212
84 0.27951294495560136 0.6111391190107401 0.11040462278914481 0.04199601752881986
132 0.24161877394636017 0.9436576354679802 0.08816603089166969 0.027093596059113295
1 0.25909961685823757 0.08435960591133004 0.07375478927203065 0.02832512315270936
92 0.28089080459770116 0.6573275862068966 0.07519157088122605 0.039204687158103824
39 0.29022988505747127 0.2870997536945813 0.06800766283524905 0.02062807881773399
77 0.3249521072796935 0.5608066502463054 0.13745210727969348 0.030480295566502464
141 0.30148467432950193 0.9822967980295566 0.07327586206896551 0.031711822660098525
47 0.3117816091954023 0.3352832512315271 0.08333333333333333 0.02647783251231527
62 0.3192968762518826 0.47198275862068945 0.08817235046198905 0.04748617174274208
30 0.31992337164750956 0.24676724137931033 0.07854406130268199 0.016933497536945813
23 0.3484195402298851 0.208435960591133 0.09722222222222222 0.02401477832512315
2 0.3546455938697318 0.09390394088669951 0.10201149425287356 0.022783251231527094
119 0.36518199233716475 0.8542179802955665 0.11733716475095786 0.026785714285714284
9 0.34075670498084293 0.13192733990147784 0.06752873563218391 0.023091133004926108
125 0.3931992337164751 0.8931650246305419 0.1532567049808429 0.037561576354679806
133 0.35368773946360155 0.9351908866995072 0.11374973378640459 0.03417487684729063
100 0.40229885057471265 0.7039716748768472 0.12547892720306514 0.035799952164862474
69 0.382183908045977 0.5190886699507389 0.08333333333333333 0.027093596059113302
16 0.4025383141762452 0.16964285714285715 0.11733716475095786 0.02401477832512315
40 0.4121168582375479 0.2867918719211823 0.12308429118773946 0.02247536945812808
93 0.4089292350254673 0.6545566502463053 0.13811412153097277 0.03618833109850132
48 0.4188218390804598 0.3309729064039409 0.08764367816091954 0.02832512315270936
63 0.4245689655172414 0.46767241379310337 0.09339080459770115 0.0416161784421409
31 0.4135536398467433 0.2476908866995074 0.06465517241379311 0.02062807881773399
55 0.42698955005778744 0.42641625615763545 0.08196325982338762 0.03582965357993801
85 0.453544061302682 0.6039100985221675 0.13697318007662834 0.04075439153315979
113 0.4194742830013073 0.798103426500444 0.07993508142540963 0.049331364536824206
10 0.45761494252873564 0.12854064039408866 0.11637931034482758 0.016933497536945813
107 0.44337037069587526 0.7466933715291126 0.12893410967718572 0.03713732936434709
78 0.4664750957854406 0.5563423645320197 0.08812260536398467 0.024630541871921183
24 0.4595306513409962 0.20705049261083744 0.07040229885057471 0.02001231527093596
70 0.4753352490421456 0.5130849753694581 0.08764367816091954 0.023091133004926108
134 0.483955938697318 0.9347290640394089 0.06465517241379311 0.03078817733990148
120 0.5086206896551724 0.8428263546798029 0.09961685823754789 0.046854711019269295
32 0.5021551724137931 0.24645935960591134 0.07423371647509579 0.01939655172413793
42 0.5198927779440168 0.7968042307429539 0.09799631479751018 0.0421910739331351
3 0.4905517251144456 0.09251227172010004 0.1378248077200185 0.04992607194131057
101 0.5433429118773946 0.6938115763546798 0.11637931034482757 0.040641801233368635
56 0.5222701149425287 0.41625615763546797 0.07136015325670499 0.033866995073891626
17 0.5476532567049809 0.1687192118226601 0.12021072796934866 0.021551724137931036
49 0.5433429118773946 0.3229679802955665 0.1039272030651341 0.035098522167487683
94 0.5478927203065134 0.648706896551724 0.11302681992337166 0.03663191911108953
41 0.5387931034482759 0.27847906403940886 0.09291187739463602 0.029248768472906403
126 0.5526819923371648 0.8840825123152709 0.11494252873563218 0.029248768472906403
64 0.5708915001537989 0.4628139740826128 0.15473462337155308 0.03659547244762362
25 0.5897988505747126 0.2036637931034483 0.15948275862068967 0.03479064039408867
79 0.5645859763465385 0.5485714503468463 0.07669737798764385 0.025246305418719212
11 0.5846625451084967 0.1267796219765001 0.10201149425287356 0.031711822660098525
71 0.5950670498084292 0.5050800492610837 0.09147509578544061 0.02432266009852217
108 0.6013849988572464 0.7423091568513285 0.11433082106976936 0.03404704598033572
135 0.6096673045852612 0.9218781005931515 0.1493233239223925 0.050472951890272476
33 0.6297892720306514 0.24091748768472906 0.1331417624521073 0.03602216748768473
4 0.6215156158110435 0.08649617476621149 0.0871647509578544 0.04049154382217397
57 0.6209220938572919 0.4233374384236452 0.07867537526255117 0.03435420698796036
86 0.5990130621836369 0.5901969572333035 0.11240576696050575 0.034199791692454844
121 0.6546934865900383 0.8366687192118225 0.10823754789272029 0.03433770752137635
42 0.6542491574206004 0.2855603448275861 0.10454964280131258 0.04217060067592355
102 0.6360153256704981 0.6886762608023098 0.05172413793103448 0.05384186092743834
115 0.7172210597070112 0.7846304983210853 0.21908238480993156 0.041573265544040935
95 0.6721743295019157 0.635314039408867 0.09722222222222222 0.04279556650246306
50 0.6769636015325671 0.33035714285714285 0.09051724137931035 0.023399014778325122
127 0.6922892720306514 0.8771551724137931 0.11159003831417624 0.0332512315270936
18 0.6824712643678161 0.1688731527093596 0.0842911877394636 0.023091133004926108
12 0.7215038314176245 0.12192118226600986 0.10775862068965517 0.03017241379310345
72 0.7265325670498084 0.49722906403940886 0.11685823754789272 0.019088669950738917
109 0.7233119703958528 0.7311329395998545 0.10536398467432949 0.04806930564094854
87 0.710727969348659 0.5914346855132033 0.06609195402298851 0.04797126369876488
103 0.7326942983976572 0.6825676904393109 0.1178637070469744 0.03684970439154983
65 0.7678711238894764 0.4539716748768473 0.16587388671323483 0.03669373466962038
5 0.7322467200447148 0.09275248482960514 0.09003831417624521 0.021117341690628046
58 0.7394636015325671 0.4087130541871921 0.09674329501915709 0.03479064039408867
26 0.7306034482758621 0.20581896551724138 0.07614942528735633 0.018780788177339903
43 0.7535919540229885 0.28078817733990147 0.07327586206896551 0.046061462770608394
81 0.7440134099616859 0.5378694581280788 0.04837164750957854 0.019088669950738917
34 0.7552681992337165 0.2415332512315271 0.05747126436781609 0.02062807881773399
136 0.7591239407917061 0.9314901042324149 0.08518659287114702 0.05512554320982791
19 0.7768199233716475 0.16533251231527094 0.06130268199233716 0.017857142857142856
50 0.8020311730080694 0.32643475083945733 0.11234757221421011 0.035377628902764545
88 0.8120210727969349 0.5848214285714286 0.1096743295019157 0.03602216748768473
96 0.8074712643678161 0.6405480295566502 0.10057471264367816 0.03871577746732642
122 0.8115907934608061 0.830517284930146 0.1379503730706064 0.0403483826448896
13 0.8494276670947041 0.12530788177339902 0.10072774247021152 0.024630541871921183
82 0.8522509578544061 0.541871921182266 0.11063218390804598 0.02401477832512315
27 0.858955938697318 0.19258004926108374 0.11254789272030652 0.028017241379310345
6 0.8630268199233716 0.0917487684729064 0.11398467432950192 0.023399014778325122
35 0.8493773946360154 0.22952586206896552 0.07998084291187739 0.031711822660098525
128 0.8463476137166558 0.8783804983210848 0.08845271034187865 0.04176331790499537
110 0.8532088122605364 0.7204433497536944 0.08189655172413793 0.037299531735660786
44 0.8551245210727969 0.2769396551724138 0.07998084291187739 0.025554187192118227
59 0.8881477987425753 0.40902093596059114 0.1269417399716396 0.0466856425116985
137 0.8629122251726847 0.925184729064039 0.09703044500768934 0.04700376053332899
73 0.8742329613284661 0.4937008260179277 0.09930473042180418 0.039169723060445694
20 0.9102011494252874 0.15517241379310345 0.14128352490421456 0.04220873514572198
104 0.8798465694059947 0.6777955229516267 0.11013307725844898 0.03766878005815288
116 0.8972701149425288 0.7770935960591133 0.07519157088122605 0.03254607232871486
51 0.9233716475095786 0.3229679802955665 0.10153256704980843 0.027093596059113302
66 0.9317528735632183 0.4484360041419688 0.11254789272030652 0.03601889258513821
97 0.9317528735632183 0.6316194581280786 0.11159003831417624 0.03764931459257976
43 0.9415395323759308 0.5795874384236451 0.10895877713175436 0.03742829721900256
129 0.9449233716475096 0.864070197044335 0.09386973180076628 0.039716748768472906
36 0.951867816091954 0.2353756157635468 0.08668582375478927 0.026169950738916255
138 0.9516283524904214 0.9270320197044335 0.03639846743295019 0.03078817733990148
140 0.2046473439025046 0.9872399645872983 0.08046464389019901 0.03956955345352597
57 0.9722985442342885 0.49188777690982577 0.07491535810466828 0.03370739738633687
80 0.6462780043343441 0.544647181514527 0.07214071521190253 0.0307763193527424
