101 0.06754944546510382 0.6838642659279779 0.07124505482624831 0.027700831024930747
131 0.05520833333333333 0.9096260387811634 0.103125 0.027008310249307478
84 0.058333333333333334 0.5758310249307479 0.10104166666666667 0.027008310249307478
60 0.05182291666666667 0.5257963988919667 0.07447916666666667 0.02804709141274238
61 0.0578125 0.4291897506925208 0.07708333333333334 0.021814404432132964
31 0.05807291666666667 0.23528393351800553 0.0765625 0.030817174515235458
49 0.06692708333333333 0.3220221606648199 0.08802083333333334 0.037396121883656507
15 0.09192708333333334 0.139196675900277 0.12760416666666666 0.027700831024930747
7 0.07473958333333333 0.09054709141274238 0.08697916666666666 0.022506925207756233
0 0.12556939950902726 0.047275312692164936 0.15572916666666667 0.0387134284553262
141 0.16145833333333334 0.9645083102493075 0.08229166666666667 0.030817174515235458
23 0.17213541666666668 0.18524930747922438 0.08802083333333334 0.025623268698060944
62 0.17161458333333332 0.4314404432132964 0.08489583333333334 0.027700831024930747
132 0.17526041666666667 0.9054709141274239 0.08385416666666666 0.028393351800554016
32 0.16901041666666666 0.23043628808864267 0.0640625 0.026662049861495844
8 0.20390625 0.09799168975069251 0.13072916666666667 0.029085872576177285
102 0.16901041666666666 0.6727839335180056 0.03697916666666667 0.03185595567867036
69 0.19088541666666667 0.4792243767313019 0.07552083333333333 0.025623268698060944
41 0.21484375 0.2731994459833795 0.08177083333333333 0.038088642659279776
54 0.23984375 0.38573407202216065 0.1203125 0.028393351800554016
118 0.24869791666666666 0.7839335180055401 0.0640625 0.028393351800554016
103 0.2596354166666667 0.6760734072022161 0.08072916666666667 0.027354570637119113
33 0.30026041666666664 0.22939750692520774 0.13177083333333334 0.047437673130193904
24 0.2677083333333333 0.18905817174515235 0.06458333333333334 0.024930747922437674
133 0.28203125 0.8990650969529086 0.07552083333333333 0.03497229916897507
63 0.2877604166666667 0.42901662049861494 0.08177083333333333 0.029085872576177285
51 0.2984375 0.3225415512465374 0.057291666666666664 0.02527700831024931
42 0.32526041666666666 0.28116343490304707 0.07447916666666667 0.029085872576177285
86 0.35 0.564404432132964 0.10833333333333334 0.03393351800554017
55 0.3606770833333333 0.3846952908587258 0.07552083333333333 0.027008310249307478
104 0.37421875 0.6703601108033241 0.0984375 0.027008310249307478
2 0.37552083333333336 0.05678670360110803 0.08958333333333333 0.027008310249307478
71 0.3984375 0.4714335180055402 0.10208333333333333 0.037742382271468145
52 0.38255208333333335 0.3206371191135734 0.0671875 0.024238227146814405
64 0.4515625 0.42728531855955676 0.14375 0.039473684210526314
44 0.4244791666666667 0.2752770083102493 0.084375 0.025623268698060944
10 0.4356770833333333 0.0957409972299169 0.10572916666666667 0.021814404432132964
97 0.41901041666666666 0.6180747922437673 0.06822916666666666 0.03254847645429363
79 0.44244791666666666 0.5228531855955678 0.07239583333333334 0.024238227146814405
56 0.45859375 0.37725069252077564 0.06302083333333333 0.038434903047091414
87 0.4578125 0.5664819944598338 0.05625 0.0443213296398892
105 0.4979166666666667 0.6667243767313019 0.10625 0.02527700831024931
26 0.49609375 0.18957756232686981 0.06822916666666666 0.02389196675900277
18 0.5125 0.14300554016620498 0.08958333333333333 0.028393351800554016
72 0.5346354166666667 0.47524238227146814 0.1140625 0.02458448753462604
35 0.5322916666666667 0.22628116343490304 0.07083333333333333 0.0342797783933518
60 0.52734375 0.5202562326869806 0.0578125 0.025969529085872575
43 0.5369791666666667 0.2740650969529086 0.07083333333333333 0.03497229916897507
57 0.5520833333333334 0.3860803324099723 0.058333333333333334 0.028393351800554016
65 0.6169270833333333 0.43178670360110805 0.1109375 0.0332409972299169
19 0.6135416666666667 0.14162049861495846 0.071875 0.03462603878116344
36 0.6341145833333334 0.22628116343490304 0.07864583333333333 0.036357340720221606
81 0.61640625 0.5169667590027701 0.030729166666666665 0.02008310249307479
99 0.6872395833333333 0.6156509695290858 0.16927083333333334 0.025623268698060944
45 0.6598958333333333 0.2771814404432133 0.1125 0.03981994459833795
58 0.6552083333333333 0.3800207756232687 0.10104166666666667 0.037742382271468145
43 0.6562368106588522 0.5674288256483773 0.0961078662870066 0.026662049861495844
4 0.6544270833333333 0.05817174515235457 0.07760416666666667 0.02631578947368421
136 0.6684895833333333 0.8862534626038782 0.0953125 0.04813019390581717
12 0.7041666666666667 0.09729916897506925 0.09166666666666666 0.036011080332409975
28 0.7096354166666666 0.18421052631578946 0.08177083333333333 0.035318559556786706
20 0.7451360263435737 0.14257809955937895 0.11010014643282352 0.036703601108033244
66 0.7565104166666666 0.4281509695290859 0.1109375 0.02527700831024931
37 0.7411458333333333 0.23268698060941828 0.078125 0.023545706371191136
5 0.7497395833333333 0.05713296398891967 0.08385416666666666 0.024238227146814405
122 0.7734375 0.7671398891966759 0.11875 0.038434903047091414
90 0.7559895833333333 0.5668282548476454 0.07239583333333334 0.0221606648199446
137 0.7583333333333333 0.883483379501385 0.058333333333333334 0.04259002770083103
46 0.7692708333333333 0.27354570637119113 0.07604166666666666 0.038088642659279776
59 0.7953125 0.3814058171745152 0.11145833333333334 0.04189750692520776
57 0.7864583333333334 0.47212603878116344 0.06145833333333333 0.025969529085872575
13 0.8130208333333333 0.10145429362880887 0.10208333333333333 0.027008310249307478
107 0.80625 0.6648199445983379 0.08541666666666667 0.027008310249307478
129 0.8049479166666667 0.8251385041551247 0.0671875 0.03393351800554017
100 0.8502604166666666 0.6154778393351801 0.1296875 0.02873961218836565
138 0.8161458333333333 0.8898891966759003 0.036458333333333336 0.029778393351800554
38 0.85859375 0.22957063711911357 0.08802083333333334 0.025623268698060944
91 0.8494791666666667 0.5592105263157895 0.06875 0.0332409972299169
83 0.9026041666666667 0.5181786703601108 0.16875 0.03981994459833795
6 0.8700520833333333 0.05782548476454294 0.1015625 0.024930747922437674
47 0.8635416666666667 0.27770083102493076 0.075 0.028393351800554016
139 0.89765625 0.8900623268698061 0.09947916666666666 0.027354570637119113
123 0.896875 0.7647160664819944 0.096875 0.04051246537396122
130 0.9111979166666667 0.8298130193905817 0.09947916666666666 0.026662049861495844
60 0.9052083333333333 0.3796745152354571 0.078125 0.02389196675900277
14 0.9104166666666667 0.09747229916897507 0.06875 0.023199445983379502
92 0.9455729166666667 0.5645775623268698 0.10052083333333334 0.026662049861495844
30 0.9369791666666667 0.18524930747922438 0.08020833333333334 0.023545706371191136
39 0.9346354166666667 0.2297437673130194 0.0515625 0.02873961218836565
48 0.9518229166666666 0.2773545706371191 0.0609375 0.05055401662049862
1 0.2707442375933268 0.041054209567308465 0.07019798711856742 0.04691909664835253
3 0.5194033046400832 0.041054209567308465 0.13446374997359403 0.05864887081044065
11 0.5668610987484105 0.09603752595209658 0.10678003674373636 0.03958798779704745
9 0.3132585114820366 0.09310508241157456 0.07415280329426138 0.03372310071600339
16 0.2435548763854309 0.13929106817479658 0.09689299630450154 0.04105420956730848
17 0.3780186263590249 0.13782484640453557 0.11073485291943035 0.038121766026786415
21 0.8832463928039258 0.13855795728966608 0.12062189335866516 0.0425204313375695
22 0.0665768525231271 0.17887905597184406 0.07711891542603184 0.04105420956730846
25 0.37159205007352225 0.18107838862723558 0.11567837313904782 0.04252043133756948
27 0.6049262044394647 0.1840108321677576 0.09194947608488402 0.03665554425652542
29 0.8254072062344019 0.18840949747854063 0.11567837313904764 0.03958798779704743
34 0.43882392506031925 0.22433193084993555 0.06426576285502651 0.03518932248626444
40 0.07300342880862974 0.27564969280907115 0.1057913326998129 0.043986653107830516
50 0.19313097014533315 0.3247681221128152 0.10084781248019548 0.03958798779704746
53 0.07102602072078278 0.3797514384976033 0.11172355696335382 0.049851540188874596
67 0.8847294488698111 0.4281367569162168 0.10974614887550671 0.04398665310783043
68 0.06904861263293581 0.477255186219961 0.1137009650512008 0.042520431337569414
70 0.2855747982521791 0.47505585356456953 0.0682205790307205 0.038121766026786436
73 0.6939095683925784 0.47432274267943897 0.095904292260578 0.048385318418613495
75 0.8852238008917728 0.47065718825378633 0.09689299630450154 0.03225687894574244
77 0.18967050599160099 0.5256405046385745 0.13940727019321136 0.03958798779704746
78 0.3340212964044298 0.5205087284426609 0.07019798711856745 0.032256878945742355
82 0.721593281622436 0.5205087284426609 0.12754282166612962 0.03518932248626448
85 0.21290505102380292 0.5732927121720576 0.11864448527081821 0.04985154018887452
88 0.5451096097820939 0.5637622706653609 0.08107373160172579 0.04545287487809154
93 0.07992435711609415 0.6253435850163236 0.1196331893147417 0.05131776195913562
95 0.19856884238691233 0.6253435850163237 0.07613021138210832 0.042520431337569414
96 0.30386582306476356 0.6224111414758017 0.0790963235138788 0.03958798779704738
106 0.6484291823720981 0.6685971272390236 0.15522653489598712 0.038121766026786436
108 0.9257606666926357 0.6627322401579796 0.10678003674373636 0.043986653107830516
109 0.06459944443528014 0.7331108851305084 0.10875744483158338 0.05278398372939647
110 0.18769309790375402 0.7279791089345948 0.07613021138210835 0.04838531841861358
111 0.3280890721408889 0.7250466653940728 0.14138467828105836 0.05131776195913562
112 0.5169315445302746 0.7206480000832897 0.15720394298383406 0.05718264904017961
113 0.6573275187674094 0.718448667427898 0.07613021138210838 0.05278398372939656
42 0.7527374590060257 0.715516223887376 0.08502854777741978 0.043986653107830516
115 0.9124131620996686 0.716982445657637 0.18093284003799767 0.043986653107830516
117 0.08338482126982642 0.7866279797450357 0.1463144305041202 0.04545287487809154
119 0.37406381018333096 0.7822293144342524 0.13050893379790005 0.04545287487809154
120 0.5100106162228102 0.7770975382383389 0.09788170034842507 0.04691909664835264
121 0.6494178864160215 0.7748982055829473 0.08403984373349625 0.03958798779704746
119 0.07794694902824718 0.8496755158662591 0.11567837313904777 0.04545287487809154
126 0.40570233958888247 0.8386788525893014 0.11073485291943029 0.05278398372939656
127 0.5456039618040556 0.8342801872785185 0.09788170034842507 0.04691909664835264
128 0.700336144678081 0.8269490784272133 0.09293818012880754 0.041054209567308396
140 0.061633332303509675 0.9618414812912268 0.08700595586526669 0.049851540188874686
125 0.2499814526709336 0.837945741704171 0.15127171872029327 0.051317761959135455
134 0.3953209471276859 0.8980608342848727 0.08997206799703712 0.045452874878091375
135 0.5278072890134328 0.8936621689740896 0.10381392461196595 0.05131776195913562
98 0.5357169213648209 0.615813143509627 0.103813924611966 0.04398665310783043
