102 0.03328402366863906 0.7286912751677852 0.033037475345167655 0.01778523489932886
121 0.05670611439842209 0.85251677852349 0.07297830374753451 0.02046979865771812
112 0.07790927021696252 0.8011744966442953 0.11143984220907298 0.01912751677852349
130 0.05793885601577909 0.9182885906040269 0.0675542406311637 0.019798657718120807
92 0.05251479289940828 0.6848993288590604 0.05374753451676528 0.016107382550335572
81 0.04684418145956608 0.6409395973154363 0.022682445759368838 0.016107382550335572
70 0.07396449704142012 0.5998322147651006 0.06607495069033531 0.017114093959731545
50 0.10133136094674557 0.425 0.11587771203155818 0.029865771812080538
8 0.10034516765285996 0.1563758389261745 0.10601577909270217 0.020134228187919462
141 0.09220907297830375 0.976006711409396 0.08678500986193294 0.019798657718120807
16 0.09664694280078895 0.21191275167785234 0.09270216962524655 0.02181208053691275
53 0.09467455621301775 0.5048657718120806 0.08579881656804733 0.01912751677852349
32 0.08555226824457594 0.31610738255033555 0.06656804733727811 0.02214765100671141
23 0.10182445759368837 0.2645973154362416 0.09812623274161736 0.021140939597315438
103 0.10129447223441358 0.7404362416107384 0.06411003888309699 0.04493161354797922
0 0.12928753634787887 0.10020461121671877 0.12993562440248685 0.030522676298164665
41 0.08607038003966515 0.36771158293569 0.07485834257774637 0.045395523580604266
82 0.13264299802761342 0.646476510067114 0.11242603550295859 0.02248322147651007
93 0.14003944773175542 0.6901006711409396 0.09171597633136094 0.02046979865771812
122 0.14669625246548323 0.8578859060402686 0.08925049309664693 0.038604565009439665
131 0.14324457593688364 0.9243288590604026 0.06854043392504931 0.023154362416107382
71 0.15261341222879685 0.6001677852348993 0.0626232741617357 0.025167785234899327
33 0.19625246548323472 0.3162751677852349 0.13313609467455623 0.03993288590604027
63 0.16789940828402367 0.5614093959731543 0.060650887573964495 0.02214765100671141
42 0.1814595660749507 0.37214765100671143 0.07199211045364892 0.02080536912751678
104 0.1987179487179487 0.7427852348993289 0.09072978303747535 0.019798657718120807
113 0.1900887573964497 0.8046979865771812 0.06656804733727811 0.01879194630872483
51 0.1937869822485207 0.42936241610738257 0.0670611439842209 0.021140939597315438
54 0.1992110453648915 0.5021812080536913 0.07692307692307693 0.02248322147651007
17 0.2079655550128504 0.21140939597315433 0.11587771203155815 0.02214765100671141
9 0.20069033530571992 0.15436241610738255 0.07790927021696252 0.01879194630872483
24 0.1950197238658777 0.2669463087248322 0.0645956607495069 0.02046979865771812
132 0.22118326388538054 0.9283723987550456 0.07651015075636426 0.029257246910516125
94 0.22214003944773175 0.6936241610738255 0.05276134122287968 0.01879194630872483
83 0.27045100327405297 0.6441275167785235 0.13264227266629336 0.026510067114093958
72 0.23939842209072978 0.6062080536912752 0.07051282051282051 0.01778523489932886
64 0.2940987155086094 0.5585365656722441 0.14053254437869822 0.04254049639142881
44 0.2603550295857988 0.37399328859060404 0.0601577909270217 0.027181208053691275
1 0.2468742481544873 0.08903665244210258 0.058976515757032624 0.026807379388250247
123 0.24668817424410255 0.8582381705671261 0.06624350655618828 0.031185317905644536
25 0.2978303747534517 0.263255033557047 0.11439842209072978 0.03322147651006711
42 0.2766381923102796 0.8053691275167787 0.07002810185789174 0.054464809421976776
52 0.27613412228796846 0.4318791946308725 0.0641025641025641 0.02080536912751678
10 0.2991424927304242 0.1548289458302611 0.11341222879684416 0.018120805369127517
105 0.2985700197238659 0.7468120805369127 0.07248520710059171 0.02181208053691275
95 0.3030078895463511 0.6944630872483222 0.060650887573964495 0.02785234899328859
119 0.3261834319526627 0.8681208053691275 0.08629191321499013 0.02080536912751678
55 0.2853608017641721 0.5043255901255632 0.08104628367980389 0.04737672019134846
2 0.3246163464075939 0.0936241610738255 0.0692199241175815 0.022818791946308724
18 0.3328402366863905 0.21577181208053692 0.07495069033530571 0.02348993288590604
133 0.3255063579357159 0.9322314591577303 0.08072556414651208 0.03682233254897649
73 0.3370315581854043 0.6078859060402685 0.058678500986193295 0.02785234899328859
44 0.35083826429980275 0.38053691275167784 0.07248520710059171 0.018120805369127517
35 0.3825845484866957 0.3237313700844442 0.08321160469380164 0.027789945683906848
106 0.39546351084812625 0.74748322147651 0.10157790927021697 0.01778523489932886
96 0.38461538461538464 0.700503355704698 0.07889546351084813 0.019798657718120807
11 0.4014934813638263 0.14763052540378785 0.08877407899499969 0.04808432643708657
84 0.40285996055226825 0.6550335570469799 0.08284023668639054 0.02080536912751678
26 0.3901982004509865 0.26769110162806836 0.0611439842209073 0.018456375838926176
134 0.40138067061143984 0.936744966442953 0.0601577909270217 0.03120805369127517
57 0.4072978303747535 0.6144295302013423 0.0670611439842209 0.02214765100671141
65 0.4161735700197239 0.5625838926174497 0.07692307692307693 0.02181208053691275
19 0.41642011834319526 0.21577181208053692 0.060650887573964495 0.02214765100671141
125 0.45188992370114367 0.8741443797684442 0.10786633214889761 0.0434127541599482
3 0.4402600176897538 0.08631526270189387 0.11785818262651192 0.034374361605929965
57 0.46030571992110453 0.5114093959731544 0.07051282051282051 0.020134228187919462
97 0.47090729783037477 0.6989932885906041 0.07790927021696252 0.028187919463087248
45 0.4591982966302074 0.383798484178404 0.10021084782460739 0.03250021907164046
36 0.4832347140039447 0.3257816188850556 0.08185404339250493 0.045464083441116875
27 0.4852071005917159 0.2662751677852349 0.07396449704142012 0.052604303403031454
75 0.480276134122288 0.6125838926174496 0.0631163708086785 0.015771812080536914
135 0.5014792899408284 0.9399328859060403 0.09566074950690336 0.04429530201342282
116 0.48767258382643 0.8164429530201343 0.055226824457593686 0.021476510067114093
107 0.5002465483234714 0.7496644295302013 0.07938856015779093 0.019463087248322148
20 0.5204969452408972 0.210680947744116 0.11291913214990133 0.03401134116540905
85 0.5172583826429981 0.6563758389261745 0.08086785009861933 0.020134228187919462
12 0.5149641597015882 0.14420116874216232 0.09093651687227068 0.026084037015544997
58 0.5586785009861933 0.5063758389261745 0.08284023668639054 0.03087248322147651
60 0.5478303747534516 0.613255033557047 0.05917159763313609 0.015771812080536914
4 0.5498027613412229 0.087751677852349 0.0621301775147929 0.023154362416107382
46 0.5586785009861933 0.38456375838926177 0.07593688362919132 0.028859060402684565
98 0.5621301775147929 0.7018456375838926 0.07001972386587771 0.028523489932885907
28 0.5796351084812623 0.2674496644295302 0.0695266272189349 0.05016812618656106
37 0.591715976331361 0.3318791946308725 0.07396449704142012 0.021476510067114093
108 0.5949652311337902 0.7541862838439535 0.0786149727992525 0.03236443399207607
136 0.6094674556213018 0.9447986577181208 0.08284023668639054 0.026510067114093958
13 0.6084812623274162 0.14681208053691275 0.07297830374753451 0.019798657718120807
86 0.5997183334348325 0.6494761629876804 0.06262327416173569 0.03447571921270063
67 0.6306706114398422 0.561744966442953 0.09270216962524655 0.01879194630872483
77 0.6488817529839546 0.6070264985581502 0.11242603550295856 0.03947492188005384
5 0.6380670611439843 0.07885906040268456 0.0650887573964497 0.019463087248322148
21 0.6595961416456113 0.20618757238365346 0.11341222879684416 0.03415989280059329
47 0.6427514792899408 0.38976510067114095 0.0695266272189349 0.02248322147651007
99 0.6733234714003945 0.7073825503355705 0.1247534516765286 0.021476510067114093
59 0.6817020260689735 0.5054222981727956 0.11802616482559601 0.036093686647073166
127 0.6762820512820513 0.8835570469798658 0.07938856015779093 0.024832214765100672
29 0.6826923076923077 0.2656040268456376 0.10722799936193039 0.027862269901317217
38 0.685404339250493 0.33355704697986577 0.08284023668639054 0.02080536912751678
109 0.6928007889546351 0.7568791946308725 0.09763313609467456 0.023154362416107382
87 0.675575840704408 0.652962826938747 0.05029585798816567 0.03057960999924131
14 0.6987179487179487 0.1436241610738255 0.07199211045364892 0.0174496644295302
137 0.6930473372781064 0.9510067114093961 0.04487179487179487 0.0393509544436643
68 0.7396449704142012 0.5620805369127517 0.11538461538461539 0.0174496644295302
48 0.7409989420285696 0.38540268456375837 0.07637273677658656 0.03854772932404827
118 0.7255917159763313 0.823489932885906 0.050788954635108484 0.02080536912751678
88 0.7430966469428005 0.6558724832214765 0.062130177514792884 0.030653317052630483
78 0.7559171597633136 0.6130872483221477 0.07396449704142012 0.02080536912751678
138 0.752465483234714 0.9558724832214766 0.03944773175542406 0.018456375838926176
6 0.7445800252130772 0.07764773777656984 0.11277661171517193 0.039838992422688346
100 0.8090905823235027 0.7087164851862358 0.13106440904977382 0.03998359268905623
22 0.7759669503241122 0.2086675249253241 0.09199058940902656 0.035346084409829386
39 0.782051282051282 0.33305369127516776 0.0641025641025641 0.02181208053691275
60 0.7884615384615384 0.5132550335570469 0.07593688362919132 0.01912751677852349
30 0.790692980946854 0.2655672008638182 0.08481262327416171 0.016778523489932886
110 0.7830374753451677 0.7592281879194631 0.05029585798816568 0.0238255033557047
15 0.8238057443221888 0.1378826371054289 0.1271468736555361 0.027181208053691275
128 0.8089250493096647 0.8976510067114094 0.09319526627218935 0.01879194630872483
119 0.8237620753152501 0.82735734031712 0.10358394009743307 0.025748828641187264
139 0.8222386587771203 0.9567114093959731 0.060650887573964495 0.018120805369127517
43 0.8276627218934911 0.6523489932885906 0.06656804733727811 0.027516778523489934
49 0.8486193293885601 0.38288590604026845 0.10355029585798817 0.03557046979865772
79 0.8289874699962531 0.6069214270839157 0.05066207420125932 0.018456375838926176
7 0.8510848126232742 0.06828859060402685 0.08086785009861933 0.01912751677852349
69 0.8518244575936884 0.5630872483221476 0.0616370808678501 0.02080536912751678
111 0.8927514792899408 0.7666107382550336 0.1208086785009862 0.02248322147651007
40 0.900887573964497 0.3327181208053691 0.11439842209072978 0.0238255033557047
61 0.8772189349112426 0.5140939597315436 0.0631163708086785 0.018120805369127517
32 0.9055719921104537 0.26543624161073825 0.08629191321499013 0.0174496644295302
129 0.8999013806706114 0.9008389261744967 0.0641025641025641 0.025838926174496644
140 0.9134615384615384 0.9635906040268456 0.08431952662721894 0.021140939597315438
90 0.9062822910175442 0.6569365019203136 0.058161155305407906 0.03120805369127517
120 0.9245415041519841 0.8322231121292007 0.07297830374753451 0.0535574312154819
101 0.9230769230769229 0.7164429530201343 0.08579649401999007 0.03078623188714861
34 0.30874073307703526 0.3227825533152284 0.04996175664618179 0.03977751057141241
56 0.3750165327097254 0.5010447303204467 0.0601580335127496 0.057456404158706696
62 0.08595208354253041 0.5592377550452908 0.06933468269266055 0.03535778717458888
66 0.5147055257817033 0.5651307195743889 0.08666835336582558 0.04714371623278503
91 0.9645982677622427 0.6541846207759103 0.055462166309868666 0.03839862237066583
115 0.3897560231964169 0.8069443575983419 0.11670164161034867 0.050085159613911974
117 0.5844513361800182 0.8211351528222839 0.11554617981222637 0.05509367557530316
126 0.5775185653912847 0.883741602339674 0.09243694384978107 0.050085159613911814
80 0.889892904058109 0.6072402462703902 0.07095190929884024 0.03415022318275233
