139 0.095 0.923785594639866 0.08473684210526315 0.02763819095477387
73 0.09473684210526316 0.5646984924623115 0.07789473684210527 0.0347571189279732
121 0.10210526315789474 0.8023450586264657 0.09052631578947369 0.02931323283082077
129 0.09184210526315789 0.8569932998324958 0.06578947368421052 0.038944723618090454
53 0.12184210526315789 0.45791457286432163 0.11842105263157894 0.028056951423785594
93 0.11315789473684211 0.6819514237855946 0.09894736842105263 0.026381909547738693
64 0.12526315789473685 0.5121440536013401 0.1168421052631579 0.03433835845896147
102 0.08368421052631579 0.7376465661641541 0.03368421052631579 0.028056951423785594
83 0.13315789473684211 0.6182998324958124 0.13157894736842105 0.028056951423785594
0 0.12026315789473684 0.07998324958123953 0.09947368421052631 0.03433835845896147
10 0.1231578947368421 0.12688442211055276 0.10210526315789474 0.019262981574539362
18 0.12763157894736843 0.1838358458961474 0.09526315789473684 0.025963149078726967
27 0.12078947368421053 0.24183417085427136 0.08157894736842106 0.030569514237855946
36 0.1260526315789474 0.30523848445588037 0.09105263157894737 0.04714123916877449
46 0.1163157894736842 0.3682998324958124 0.06421052631578947 0.04061976549413735
103 0.15263157894736842 0.7445561139028476 0.08526315789473685 0.025963149078726967
130 0.1813157894736842 0.8632747068676717 0.07526315789473684 0.027219430485762145
57 0.17710526315789474 0.5739112227805695 0.06368421052631579 0.02219430485762144
140 0.1868421052631579 0.9267169179229481 0.06842105263157895 0.02847571189279732
122 0.20868421052631578 0.7981574539363484 0.10157894736842105 0.03433835845896147
47 0.19736842105263158 0.3731155778894472 0.06631578947368422 0.02763819095477387
1 0.20342105263157895 0.07516750418760469 0.05105263157894737 0.02219430485762144
28 0.21236842105263157 0.24350921273031825 0.0668421052631579 0.028056951423785594
94 0.21052631578947367 0.682998324958124 0.05157894736842105 0.023450586264656615
37 0.22263157894736843 0.31260469011725295 0.06631578947368422 0.02051926298157454
54 0.24552631578947368 0.4602177554438861 0.11 0.024288107202680067
19 0.22105263157894736 0.18488274706867672 0.05789473684210526 0.02386934673366834
11 0.235 0.1277219430485762 0.08473684210526315 0.03350083752093802
65 0.25816429257239065 0.5152847571189281 0.11368421052631578 0.024706867671691796
104 0.25473684210526315 0.74392797319933 0.08421052631578947 0.024706867671691793
131 0.2615789473684211 0.8680904522613065 0.08736842105263158 0.03015075376884422
75 0.26710526315789473 0.5711892797319933 0.09526315789473684 0.019262981574539362
84 0.25763157894736843 0.626465661641541 0.07210526315789474 0.024288107202680067
141 0.26052631578947366 0.9281825795644891 0.05789473684210526 0.024706867671691793
2 0.2686842105263158 0.08082077051926298 0.06789473684210526 0.020938023450586266
48 0.28 0.3687185929648241 0.06842105263157895 0.042294807370184255
95 0.2942105263157895 0.6773450586264657 0.07684210526315789 0.04061976549413735
29 0.3126315789473684 0.2535594639865997 0.1 0.030569514237855946
123 0.29894736842105263 0.7977386934673367 0.07052631578947369 0.03433835845896147
20 0.33289473684210524 0.18530150753768845 0.12263157894736842 0.03559463986599665
38 0.3076315789473684 0.31427973199329984 0.0668421052631579 0.02051926298157454
105 0.33539430022031125 0.7474874371859297 0.0731578947368421 0.02763819095477387
12 0.3398011034026684 0.13086264656616414 0.08581829178039965 0.029731993299832497
55 0.3455263157894737 0.4641959798994975 0.06263157894736843 0.026381909547738693
132 0.35289473684210526 0.8712311557788944 0.07631578947368421 0.028056951423785594
85 0.3739134912851741 0.6266750418760471 0.09916690924391174 0.02554438860971524
49 0.3785504484699776 0.3685243717117853 0.09601028651219738 0.03098827470686767
60 0.36026315789473684 0.5755862646566164 0.06368421052631579 0.024706867671691793
3 0.38394736842105265 0.07768006700167504 0.09736842105263158 0.028894472361809045
66 0.3875620781884355 0.5194875207905126 0.10243815815018448 0.03276540663554878
119 0.4052631578947368 0.8109296482412061 0.11578947368421053 0.028894472361809045
96 0.38526315789473686 0.6786013400335008 0.07052631578947369 0.02051926298157454
39 0.38789473684210524 0.3146984924623116 0.05894736842105263 0.02386934673366834
56 0.4144736842105263 0.45498324958123953 0.06578947368421052 0.031407035175879394
106 0.45710526315789474 0.7474874371859297 0.14789473684210527 0.02512562814070352
13 0.4311177661199407 0.13231314922623819 0.07536938895497534 0.028608238550364845
77 0.46421052631578946 0.5737018425460636 0.1168421052631579 0.031825795644891124
30 0.4157252123868051 0.25335008375209384 0.07209236095946425 0.020100502512562818
21 0.47029354205626367 0.1857202680067002 0.11313884972264729 0.031061103446409808
133 0.45263157894736844 0.8701842546063652 0.07684210526315789 0.04355108877721943
86 0.4676315789473684 0.6203936348408711 0.06894736842105263 0.029731993299832497
40 0.4797368421052632 0.31637353433835846 0.08894736842105264 0.029731993299832497
97 0.4768421052631579 0.6725293132328308 0.07894736842105263 0.03936348408710218
4 0.46657894736842104 0.08144891122278057 0.04684210526315789 0.018844221105527637
50 0.49575646979191973 0.3718896144453462 0.09684210526315787 0.04869103542110574
67 0.4926315789473684 0.5148659966499163 0.08105263157894736 0.02135678391959799
57 0.48473684210526313 0.46628978224455614 0.05789473684210526 0.02386934673366834
31 0.5002631578947369 0.2554438860971524 0.06263157894736843 0.023450586264656615
125 0.5478947368421052 0.8107202680067002 0.1431578947368421 0.03936348408710218
5 0.5336842105263158 0.08103015075376885 0.06842105263157895 0.018006700167504188
134 0.5334210526315789 0.8729061976549414 0.060526315789473685 0.04313232830820771
87 0.5486842105263158 0.6199748743718593 0.06789473684210526 0.03726968174204355
14 0.5233567913341736 0.1369422528575677 0.06181503677272164 0.03129815703811475
58 0.5618421052631579 0.45938023450586263 0.07105263157894737 0.03098827470686767
98 0.5702631578947368 0.6735762144053601 0.07736842105263157 0.028056951423785594
41 0.5813157894736842 0.3084170854271357 0.08789473684210526 0.03726968174204355
78 0.5694736842105264 0.5789363484087102 0.06315789473684211 0.028056951423785594
107 0.5809874970379539 0.7474874371859297 0.09105263157894737 0.025125628140703522
32 0.575 0.25690954773869346 0.05842105263157895 0.023031825795644893
68 0.5947368421052631 0.5161222780569514 0.09789473684210526 0.02219430485762144
22 0.5736842105263158 0.1911641541038526 0.05473684210526316 0.030569514237855946
51 0.5965789473684211 0.3722780569514238 0.07526315789473684 0.02512562814070352
6 0.625 0.08082077051926298 0.1036842105263158 0.02512562814070352
15 0.6328947368421053 0.13881909547738694 0.11947368421052632 0.02219430485762144
135 0.646578947368421 0.8695561139028476 0.12157894736842105 0.04815745393634841
88 0.6197368421052631 0.6187185929648241 0.05842105263157895 0.03391959798994975
59 0.6689473684210526 0.4646147403685092 0.11368421052631579 0.038944723618090454
79 0.646578947368421 0.5749581239530989 0.06789473684210526 0.024288107202680067
23 0.658157894736842 0.19577051926298158 0.08368421052631579 0.023031825795644893
33 0.6799652496205337 0.2544197233968236 0.12240205978903324 0.04046856317330244
99 0.6907894736842105 0.6804857621440537 0.13105263157894737 0.02512562814070352
42 0.675 0.3213986599664992 0.0868421052631579 0.028056951423785594
126 0.6980232594369159 0.8118050666328974 0.1062274978202179 0.048996733876730036
52 0.6705263157894736 0.3716499162479062 0.061052631578947365 0.02386934673366834
118 0.6771052631578948 0.7495812395309883 0.04684210526315789 0.025963149078726967
43 0.6921052631578948 0.6191373534338358 0.07578947368421053 0.038107202680067
69 0.6852631578947368 0.5171691792294807 0.061052631578947365 0.02512562814070352
7 0.725 0.07788944723618091 0.07736842105263157 0.020100502512562814
80 0.7242105263157895 0.5755862646566164 0.06842105263157895 0.024706867671691793
24 0.7336842105263158 0.19870184254606366 0.05157894736842105 0.02386934673366834
16 0.756578947368421 0.14049413735343383 0.08894736842105264 0.023031825795644893
119 0.7776315789473685 0.7502093802345059 0.11842105263157894 0.027219430485762145
136 0.7684210526315789 0.873534338358459 0.09578947368421052 0.04271356783919598
70 0.7663157894736842 0.5142378559463987 0.07789473684210527 0.021775544388609715
43 0.7692105263157895 0.3119765494137353 0.07526315789473684 0.036013400335008376
60 0.7644736842105263 0.46628978224455614 0.05947368421052632 0.02386934673366834
90 0.7773684210526316 0.6283500837520938 0.05789473684210526 0.02219430485762144
127 0.8060526315789474 0.8109296482412061 0.09631578947368422 0.0347571189279732
81 0.7810526315789473 0.5695142378559463 0.03368421052631579 0.02512562814070352
8 0.8242105263157895 0.07726130653266332 0.1168421052631579 0.02386934673366834
100 0.8202631578947368 0.6823701842546064 0.1036842105263158 0.026381909547738693
25 0.8294736842105264 0.1945142378559464 0.12 0.031407035175879394
34 0.8028947368421052 0.25774706867671693 0.06263157894736843 0.029731993299832497
82 0.8632864173316525 0.5785175879396987 0.12173404279714035 0.024706867671691796
61 0.8356244542227574 0.4641959798994975 0.04842105263157894 0.023031825795644893
71 0.8460526315789474 0.5100502512562815 0.07421052631578948 0.035175879396984924
17 0.8656913352509267 0.1386097152428811 0.10999999999999999 0.02261306532663317
137 0.8415789473684211 0.8670435510887772 0.05157894736842105 0.042294807370184255
44 0.8505263157894737 0.3178391959798995 0.06210526315789474 0.022613065326633167
91 0.8452631578947368 0.6187185929648241 0.05157894736842105 0.0414572864321608
35 0.888421052631579 0.24748743718592964 0.10526315789473684 0.031825795644891124
120 0.8910526315789473 0.7456030150753769 0.0968421052631579 0.03559463986599665
62 0.9088492299877688 0.46356783919598 0.08368421052631579 0.025125628140703522
92 0.9202631578947369 0.6239530988274706 0.0868421052631579 0.020938023450586266
101 0.9194736842105263 0.6819514237855946 0.08526315789473685 0.02386934673366834
128 0.9221052631578948 0.8163735343383585 0.08736842105263158 0.02554438860971524
138 0.9028947368421053 0.8752093802345059 0.04789473684210526 0.022613065326633167
45 0.9371052631578948 0.310929648241206 0.11 0.04313232830820771
72 0.9349348654590066 0.5165486180166965 0.10210526315789474 0.02261306532663317
9 0.9189473684210526 0.0768425460636516 0.056842105263157895 0.02554438860971524
26 0.9276324521909565 0.18948911222780573 0.0542396409402214 0.02051926298157454
63 0.9757894736842105 0.4641959798994975 0.04842105263157895 0.027219430485762145
