0 0.10194866920152092 0.10966705607476636 0.1449619771863118 0.03650700934579439
116 0.06653992395437262 0.7523364485981309 0.06273764258555133 0.02394859813084112
107 0.08103612167300381 0.7072137850467289 0.08982889733840305 0.020735981308411214
134 0.07081749049429657 0.8481308411214953 0.06939163498098859 0.027453271028037383
120 0.09763830441925726 0.7992256515084282 0.12195776897431365 0.0397196261682243
8 0.10384980988593157 0.15960864485981308 0.12785171102661597 0.024240654205607476
98 0.09006653992395437 0.6612149532710281 0.09933460076045628 0.029205607476635514
53 0.09814638783269962 0.45473130841121495 0.10598859315589354 0.02161214953271028
70 0.0841254752851711 0.5362149532710281 0.0779467680608365 0.0324840310252241
16 0.10693916349809886 0.20721378504672897 0.11787072243346007 0.022488317757009345
88 0.08531368821292776 0.6223714953271028 0.07366920152091255 0.030373831775700934
33 0.12428707224334601 0.2996495327102804 0.1487642585551331 0.036214953271028034
79 0.08982889733840305 0.5836740654205608 0.07889733840304182 0.022488317757009345
62 0.094106463878327 0.4985397196261682 0.08460076045627377 0.02044392523364486
24 0.08864068441064639 0.25569509345794394 0.07081749049429657 0.023656542056074766
41 0.10242395437262357 0.34725467289719625 0.09648288973384031 0.028621495327102803
50 0.1029320377860659 0.3996929412280542 0.09161065846448316 0.02511682242990654
117 0.15327946768060838 0.7543808411214953 0.11834600760456274 0.02511682242990654
135 0.17775665399239543 0.8465245327102804 0.10931558935361217 0.03241822429906542
71 0.16634980988593157 0.5340245327102804 0.07509505703422054 0.029055901311440247
43 0.16634980988593157 0.6214953271028038 0.07224334600760456 0.04147196261682243
25 0.2074619771863118 0.24912383177570094 0.14401140684410646 0.029789719626168224
80 0.1782319391634981 0.5822137850467289 0.0817490494296578 0.021320093457943924
63 0.17775665399239543 0.4967873831775701 0.06844106463878327 0.035949853586124764
99 0.21791825095057035 0.6669100467289719 0.1373574144486692 0.024824766355140186
108 0.19378193488485781 0.7103837931382669 0.07401445434103142 0.03517043967704911
51 0.19153992395437264 0.3977803738317757 0.06939163498098859 0.02161214953271028
42 0.1998574144486692 0.3529497663551402 0.07461977186311787 0.024824766355140186
54 0.22309235753568593 0.4557250988523027 0.10142179538014262 0.023656542056074766
126 0.22268266884926252 0.7964511187981477 0.09866007092622804 0.03066588785046729
17 0.23502851711026615 0.20794392523364486 0.1288022813688213 0.028037383177570093
9 0.21649239543726237 0.15449766355140188 0.0841254752851711 0.029789719626168224
1 0.21878360373125705 0.10343045919818139 0.06738695156832694 0.03774116329874453
90 0.23716730038022812 0.6242698598130841 0.05608365019011407 0.04360800381621807
34 0.2519191507834152 0.3028621495327103 0.07785674542690563 0.02870512716907876
72 0.27138783269961975 0.539427570093458 0.10076045627376426 0.02336448598130841
81 0.2423954372623574 0.583820093457944 0.029467680608365018 0.018107476635514017
52 0.2723384030418251 0.39632009345794394 0.07604562737642585 0.0227803738317757
109 0.2887357414448669 0.7091121495327103 0.10788973384030419 0.03387850467289719
136 0.27970532319391633 0.8501752336448598 0.08222433460076045 0.02570093457943925
118 0.2668726235741445 0.7535046728971962 0.05180608365019011 0.02102803738317757
64 0.3129752851711027 0.4944509345794392 0.14211026615969582 0.035046728971962614
43 0.27875475285171103 0.34856892523364486 0.07081749049429657 0.03300233644859813
2 0.30061787072243346 0.10922897196261683 0.08602661596958175 0.02394859813084112
82 0.31582699619771865 0.583820093457944 0.1088403041825095 0.02102803738317757
10 0.31630228136882127 0.15537383177570094 0.09743346007604563 0.02102803738317757
91 0.2977661596958175 0.6191588785046729 0.0556083650190114 0.036214953271028034
26 0.31725285171102663 0.2523364485981308 0.05655893536121673 0.019275700934579438
35 0.33365019011406843 0.2970210280373832 0.08269961977186312 0.029205607476635514
100 0.34695817490494296 0.6683703271028038 0.10931558935361217 0.03066588785046729
119 0.3519486692015209 0.7583235981308412 0.1126425855513308 0.03066588785046729
18 0.36674810599038277 0.20766607206917578 0.0967892584339621 0.027161214953271028
44 0.35218631178707227 0.3475467289719626 0.06844106463878327 0.01985981308411215
55 0.318488651024458 0.45151869158878505 0.08863014103866065 0.03630798612642951
137 0.34790874524714827 0.8436039719626168 0.045627376425855515 0.03125
92 0.3773764258555133 0.6260221962616822 0.07699619771863118 0.022488317757009345
27 0.406606463878327 0.247927201656041 0.10598859315589354 0.03445198399003313
110 0.3906844106463878 0.709696261682243 0.05608365019011407 0.02453271028037383
3 0.43298479087452474 0.10484813084112149 0.13783269961977188 0.029789719626168224
56 0.39710076045627374 0.44699182242990654 0.06131178707224334 0.03475467289719626
11 0.4225285171102662 0.15625 0.10361216730038023 0.035630841121495324
73 0.41271957461798225 0.5318341121495327 0.09790073466653769 0.03402842995283758
83 0.45746197718631176 0.5804614485981309 0.1535171102661597 0.037675233644859814
36 0.42984462892101316 0.29357316678137574 0.09458174904942966 0.03794677198267841
138 0.406606463878327 0.8481308411214953 0.04230038022813688 0.02102803738317757
128 0.43084600760456276 0.8011098130841121 0.08982889733840305 0.02102803738317757
65 0.4474809885931559 0.4967873831775701 0.11359315589353612 0.027453271028037383
45 0.4455798479087453 0.34579439252336447 0.10123574144486693 0.036799065420560745
101 0.44843155893536124 0.6654497663551402 0.06986692015209126 0.021904205607476634
120 0.46435361216730037 0.7535046728971962 0.08840304182509506 0.030373831775700934
19 0.4529467680608365 0.20137266355140188 0.06463878326996197 0.025408878504672897
93 0.4852661596958175 0.6283586448598131 0.12547528517110265 0.021904205607476634
111 0.49049429657794674 0.7118866822429907 0.1311787072243346 0.024240654205607476
57 0.47362167300380226 0.45283294392523366 0.08032319391634982 0.022488317757009345
139 0.47409695817490494 0.8504672897196262 0.07937262357414449 0.02102803738317757
28 0.50356463878327 0.2473714953271028 0.08982889733840305 0.026869158878504672
57 0.5060951006406507 0.5354848130841121 0.07399826313808983 0.03311467377987304
37 0.5171102661596958 0.30533042325792714 0.07129277566539924 0.02453271028037383
129 0.5144961977186312 0.8014018691588785 0.06416349809885931 0.028037383177570093
13 0.5411121673003803 0.15259929906542055 0.09933460076045628 0.02891355140186916
102 0.5104562737642585 0.6641355140186916 0.03612167300380228 0.02161214953271028
20 0.5665399239543726 0.203125 0.14163498098859315 0.02891355140186916
66 0.5705798479087454 0.5011540213887682 0.1211977186311787 0.03225650116528104
46 0.5415186340311341 0.3492848625102635 0.07557034220532319 0.04505652092790909
121 0.5548954372623575 0.7613901869158879 0.08507604562737643 0.029789719626168224
4 0.5567965779467681 0.10747663551401869 0.0879277566539924 0.02336448598130841
58 0.5627392535633862 0.45268691588785054 0.08071304191970646 0.03095794392523365
140 0.5608365019011406 0.8558703271028038 0.0741444866920152 0.027745327102803738
103 0.5869771863117871 0.6692464953271028 0.10456273764258556 0.021904205607476634
84 0.5836501901140685 0.5867406542056075 0.08365019011406843 0.0227803738317757
75 0.591254752851711 0.5372371495327103 0.07984790874524715 0.022488317757009345
130 0.5922053231939164 0.8087032710280374 0.08079847908745247 0.0227803738317757
29 0.6140684410646388 0.2568633177570093 0.12167300380228137 0.027161214953271028
112 0.6347433460076045 0.7161214953271028 0.1411596958174905 0.028621495327102803
94 0.6005228136882129 0.6330315420560748 0.0717680608365019 0.021320093457943924
38 0.6055133079847909 0.30505257009345793 0.0779467680608365 0.018983644859813083
13 0.6467631121658688 0.15335784507293088 0.09513978642324052 0.02336448598130841
47 0.6223859315589354 0.3523656542056075 0.05750950570342205 0.03066588785046729
122 0.6555838531401033 0.7640044886784877 0.09119469655481165 0.03241822429906542
141 0.6439950077229366 0.857754488678488 0.07081749049429657 0.04456748496934248
5 0.6428231939163498 0.1054322429906542 0.07271863117870722 0.01985981308411215
59 0.6661465765205545 0.45750584112149534 0.11026615969581749 0.041764018691588786
131 0.6756178707224335 0.8079731308411215 0.08602661596958175 0.020151869158878503
60 0.6711026615969582 0.5405957943925234 0.07129277566539924 0.0227803738317757
67 0.6927281368821293 0.5040887850467289 0.10979087452471482 0.02394859813084112
104 0.6800002759007157 0.6730290213887682 0.08730657951011626 0.0227803738317757
95 0.6775190114068441 0.634053738317757 0.06606463878326996 0.03329439252336448
39 0.6825095057034221 0.30680490654205606 0.06273764258555133 0.018983644859813083
21 0.7113018897309772 0.2076518691588785 0.11002708527608406 0.037383177570093455
85 0.7060361216730038 0.5931658878504673 0.1002851711026616 0.02336448598130841
48 0.6974809885931559 0.3547021028037383 0.07461977186311787 0.03300233644859813
30 0.723878936666193 0.2613759840055906 0.08619907116712269 0.0358816302423891
6 0.7442965779467681 0.10528621495327103 0.10931558935361217 0.022488317757009345
113 0.7390684410646388 0.7215245327102804 0.06368821292775666 0.02891355140186916
14 0.74643536121673 0.15800233644859812 0.07652091254752852 0.02161214953271028
96 0.7630703422053232 0.6374123831775701 0.0879277566539924 0.021320093457943924
40 0.7854087452471483 0.3148364485981308 0.13165399239543726 0.026285046728971962
77 0.7839828897338403 0.5445385514018691 0.12309885931558935 0.03650700934579439
132 0.7561787072243346 0.8117698598130841 0.06368821292775666 0.019567757009345793
60 0.7606939163498099 0.46203271028037385 0.0717680608365019 0.02044392523364486
105 0.783745247148289 0.6747955607476636 0.10076045627376426 0.024240654205607476
49 0.7932509505703422 0.3533878504672897 0.09885931558935361 0.03271028037383177
68 0.8072718631178707 0.5043808411214953 0.09838403041825095 0.02219626168224299
86 0.8056083650190115 0.5925817757009346 0.08365019011406843 0.026869158878504672
42 0.8046085973132966 0.7275116822429907 0.07044586214831759 0.02882986158320528
31 0.8075095057034221 0.26445677570093457 0.0655893536121673 0.022488317757009345
119 0.8284220532319392 0.771320093457944 0.094106463878327 0.02511682242990654
22 0.8189163498098859 0.20925817757009346 0.06844106463878327 0.026577102803738317
61 0.8410171102661597 0.46334696261682246 0.08222433460076045 0.021904205607476634
133 0.8457699619771863 0.8135221962616822 0.07747148288973384 0.03475467289719626
7 0.8507292690092593 0.1008161574355814 0.07787307447416093 0.052569706784353604
97 0.8471958174904943 0.6368282710280374 0.06891634980988594 0.03008177570093458
15 0.8509604676834719 0.16261842200367096 0.12278536750729285 0.02716195933549179
106 0.9120722433460076 0.6806366822429907 0.15019011406844107 0.025408878504672897
32 0.8811295098608252 0.26448518152152906 0.06912722570153612 0.03406628317571537
115 0.9237167300380228 0.734375 0.1525665399239544 0.03358644859813084
87 0.8788022813688213 0.5974007009345794 0.051330798479087454 0.040595794392523366
78 0.8828422053231939 0.5489193925233645 0.05750950570342205 0.021904205607476634
23 0.8982889733840305 0.2142231308411215 0.08365019011406843 0.020735981308411214
69 0.8940114068441065 0.5084696261682243 0.07034220532319392 0.02394859813084112
123 0.7463331035481668 0.7630757472507632 0.05926846158202154 0.03831239861531945
127 0.31755307753867057 0.7997053106858082 0.08007881807663704 0.044201680489146834
