0 0.16301837337382605 0.08965581632097845 0.1364179255034926 0.04086023225256959
1 0.2815522415704584 0.08570160029653623 0.072368045846365 0.04876866430145404
2 0.3780429693656117 0.09492810435356806 0.06571351289497512 0.03558794421997998
3 0.4940813877054727 0.09136677409740383 0.13309065902779765 0.04846274476028065
4 0.6205175137818806 0.10045386345112223 0.09149982808161086 0.03812893126072974
5 0.7207834911469301 0.09874290567469685 0.08567711174914469 0.029966927752222358
6 0.8381979335541345 0.10717095902434155 0.118949776506094 0.034865771793649226
7 0.9453739782563386 0.09979482744704855 0.0723680458463649 0.02989739087391936
17 0.27614543354745397 0.16874013680982283 0.12144522636286538 0.03558794421997996
9 0.2674113590487549 0.13315219258984284 0.07902257879775486 0.030315656187390353
10 0.3813488583484001 0.1311070125694744 0.11241165408804916 0.03815940227632118
11 0.5090540868461001 0.1410606246387273 0.10480889398439071 0.0382240882362748
12 0.6126152559021051 0.14040158863465357 0.08234984527344977 0.03426987221183257
13 0.7198768447574543 0.1423106246387273 0.09723703444245158 0.04318916261040281
14 0.8309671183695856 0.14303773265094838 0.09482709455730584 0.01845300811406368
15 0.942846453614828 0.13776544461835882 0.10397707736546698 0.03162458889812097
16 0.14513431606696578 0.17005820881797024 0.11229524355470431 0.02767951217109555
18 0.4017497430049381 0.1746714608464862 0.10314526074654323 0.03426987221183257
19 0.5040631871325576 0.17862567687092837 0.07153622922744125 0.03163372819553778
20 0.6117834392831815 0.1773076048627809 0.12394067621963661 0.04487231008049366
21 0.7506968146434452 0.1799437488790758 0.12394067621963642 0.02372529614665332
22 0.8692306828400774 0.1746714608464862 0.07819076217883107 0.03426987221183257
23 0.9623941441595357 0.177307604862781 0.07819076217883125 0.03690601622812739
24 0.12350708397494863 0.20828229705424503 0.07569531232205995 0.032951800203685155
25 0.25451820145543697 0.20432808102980285 0.16303605730905213 0.025043368154800738
26 0.40507700948063313 0.2096003690623925 0.08650892836806859 0.025043368154800738
27 0.5265222358434984 0.21223651307868727 0.11146342693578061 0.02767951217109555
28 0.6384015710887408 0.21355458508683467 0.07403167908421238 0.02240722413850591
29 0.7635899722367632 0.2122365130786873 0.13142702578995016 0.022407224138505915
30 0.901671530978103 0.20894133305831875 0.09482709455730584 0.02372529614665332
31 0.1239229922844105 0.24782445729866723 0.08983619484376344 0.025043368154800735
32 0.2141750954376358 0.2425521692660776 0.06904077937067005 0.025043368154800696
33 0.35350437910736154 0.2458473492864461 0.17634512321183202 0.0210891521303585
34 0.5048950037514813 0.24650638529051982 0.07486349570313611 0.032951800203685155
35 0.6022175481655584 0.2412340972579302 0.08983619484376341 0.022407224138505915
36 0.7091059836972584 0.23925698924570912 0.09233164470053462 0.02372529614665332
37 0.8122512444438017 0.23925698924570912 0.07569531232205977 0.02372529614665333
38 0.9025033475970269 0.23793891723756172 0.09149982808161089 0.0210891521303585
39 0.10271166850185526 0.2820943295104998 0.06404987965712762 0.025043368154800735
40 0.22498871148364435 0.2807762575023524 0.1472315415495011 0.025043368154800735
41 0.351840745869514 0.27748107748198386 0.08318166189237354 0.0210891521303585
42 0.44708374873628176 0.286048545534942 0.08234984527344985 0.030315656187390374
43 0.5448222014598206 0.2827533655145735 0.08151802865452602 0.026361440162948144
44 0.6338265796846603 0.27550396946976274 0.059890796562509 0.032951800203685155
45 0.7328127573365849 0.2722087894493942 0.1214452263628654 0.031633728195537746
46 0.8421966427250559 0.2708907174412468 0.07735894555990742 0.02899758417924296
47 0.9420146369959042 0.2708907174412468 0.09066801146268715 0.02899758417924296
48 0.11394119285732568 0.3183413097345535 0.08817256160591597 0.03690601622812739
49 0.23372278598234358 0.3196593817427009 0.11479069341147549 0.03954216024442221
50 0.3568102680901499 0.3189322737304799 0.1060821659749249 0.03925450867008691
51 0.4741177888513031 0.31702323772640606 0.09649072779515332 0.018453008114063713
52 0.5884925739533168 0.31636420172233237 0.08567711174914472 0.02504336815480077
54 0.28321587480830585 0.3737003340767446 0.13059520917102646 0.026361440162948144
56 0.5111336283934094 0.36513286602378653 0.09732254441407706 0.03558794421997995
57 0.6196856971629569 0.3598605779911968 0.09981799427084828 0.025043368154800662
58 0.7465377315488266 0.3552473259626809 0.10064981088977201 0.03690601622812736
59 0.9020874392875651 0.34865696592194384 0.14889517478734868 0.03426987221183261
61 0.22041372007956378 0.4152196023333879 0.0898361948437634 0.017134936105916265
62 0.3397794048951198 0.41258345831709314 0.10231344412761945 0.030315656187390374
70 0.4578973647822904 0.41060635030487197 0.11063161031685688 0.02899758417924296
64 0.6205175137818807 0.4007208102437665 0.17135422349828963 0.02767951217109555
65 0.8026853533261787 0.3947894862071031 0.1380815587413401 0.026361440162948144
66 0.9345282874255905 0.3855629821500713 0.10564071060331445 0.015816864097768855
67 0.14180704959127083 0.4580569425981786 0.10896797707900933 0.026361440162948144
60 0.12350708397494865 0.4191738183578301 0.08068621203560236 0.03822408823627477
68 0.2778090667853016 0.45080754655336785 0.11312706017362795 0.025043368154800735
69 0.38261796076969223 0.4488304385411468 0.06987259598959382 0.023725296146653252
71 0.5810062243830031 0.4369677904678201 0.09565891117622957 0.02899758417924296
72 0.6933014679377074 0.43235453843930416 0.10730434384116193 0.025043368154800735
73 0.823480768799272 0.42708225040671455 0.09981799427084818 0.0303156561873903
57 0.9378555539012855 0.4185147823537564 0.07902257879775482 0.036906016228127426
75 0.13348888340203346 0.49825813884667447 0.08401347851129728 0.02767951217109555
60 0.21251146219978834 0.4936448868181586 0.055731713467890284 0.028997584179242895
77 0.33645213841942495 0.48507741876520044 0.14889517478734868 0.025043368154800735
78 0.47162233899453193 0.47585091470816865 0.07652712894098368 0.03295180020368512
70 0.47245415561345566 0.4448762225167045 0.0682089627517463 0.026361440162948144
79 0.562706258766681 0.4745328427000212 0.08068621203560238 0.03295180020368512
80 0.6508788203725969 0.470578626675579 0.08234984527344977 0.027679512171095485
81 0.7207514163621908 0.459375014606326 0.04242264756511058 0.0210891521303585
82 0.8159944192289584 0.459375014606326 0.12310885960071288 0.02372529614665332
83 0.14555022437642764 0.5364822270829492 0.1380815587413401 0.04349637626886441
84 0.28446359973669144 0.5298918670422123 0.11479069341147548 0.03558794421998002
85 0.44209284902273926 0.5186882549729592 0.160540607452281 0.03163372819553771
86 0.5859971240965456 0.5120978949322222 0.09233164470053472 0.02899758417924296
88 0.7540240811191402 0.5022123548711167 0.0939952779383821 0.030315656187390374
43 0.8654875080549206 0.49759910284260084 0.07735894555990734 0.03690601622812736
90 0.9543448247595989 0.48837259878556893 0.04927954505854572 0.03954216024442219
91 0.10395939343024085 0.5773424593355189 0.07319986246528873 0.025043368154800735
92 0.19878648798754667 0.5720701713029293 0.0898361948437634 0.01977108012221109
93 0.34976120432220476 0.5648207752581185 0.17218604011721325 0.01845300811406368
94 0.49740865418116786 0.5582304152173814 0.08650892836806846 0.023725296146653325
95 0.587660757334393 0.5542761991929392 0.08068621203560238 0.036906016228127426
96 0.7116014335540296 0.5430725871236863 0.14057700859811129 0.03295180020368512
98 0.9553237028986841 0.5338460830666546 0.09233164470053462 0.030315656187390374
99 0.14471840775750386 0.6063400435147619 0.18299965616322178 0.02240722413850591
100 0.31856808111256457 0.6050219715066144 0.13641792550349263 0.030315656187390374
101 0.4541541899971335 0.6004087194780985 0.11985599547081158 0.03426987221183261
102 0.537751760198969 0.5990906474699511 0.039095381089415536 0.03163372819553778
103 0.6467197372779783 0.5944773954414352 0.14057700859811129 0.01977108012221109
104 0.7860490209477039 0.5878870354006981 0.11811795988717026 0.0303156561873903
105 0.9203874049038872 0.5786605313436664 0.11562251003039913 0.03558794421997995
106 0.14929339916158446 0.647859311771405 0.20545870487416268 0.026361440162948002
107 0.32231125589772136 0.6465412397632577 0.11395887679255179 0.02372529614665318
118 0.43502240776188755 0.6419279877347418 0.061554429800356386 0.03822408823627462
119 0.5556358175058292 0.6373147357062257 0.1497269914062724 0.028997584179242825
120 0.6878946599147032 0.6320424476736363 0.09649072779515332 0.03690601622812736
129 0.9611164722307126 0.6519529424991606 0.0709652106845629 0.038224088236274774
123 0.09522531893154164 0.6854243640036061 0.10064981088977198 0.04349637626886448
119 0.2204137200795638 0.6814701479791639 0.12144522636286535 0.030315656187390374
125 0.40050201807655256 0.6781749679587955 0.18715873925784046 0.023725296146653394
126 0.5760153246694608 0.676856895950648 0.12893157593317905 0.03163372819553786
127 0.7103537086256441 0.6702665359099109 0.11479069341147548 0.028997584179243033
128 0.864239783126535 0.6696074999058372 0.10480889398439071 0.02767951217109555
121 0.7976944536126361 0.6261111236369729 0.09482709455730566 0.03558794421997987
122 0.9195555882849634 0.6201797996003096 0.1089679770790094 0.02636144016294807
130 0.08857078598015174 0.7282617042683969 0.08734074498699222 0.02636144016294807
132 0.3198158060409502 0.7229894162358071 0.08234984527344977 0.03954216024442218
133 0.43044741635780703 0.717058092199144 0.10730434384116193 0.04086023225256966
135 0.6562856283956012 0.719035200211365 0.1214452263628654 0.047450592293306504
136 0.7860490209477039 0.7117858041665542 0.09649072779515332 0.03295180020368505
137 0.8729738576252343 0.7025593001095225 0.05240444699219518 0.0329518002036852
138 0.9415987286864423 0.7098086961543332 0.059890796562509 0.03954216024442218
134 0.5381676685084308 0.7183761642072916 0.07652712894098368 0.04349637626886434
139 0.10437530173970272 0.7783484405779982 0.10730434384116189 0.04745059229330664
140 0.20960010403355528 0.7816436205983667 0.08983619484376344 0.05667709635033844
141 0.3356203218005011 0.7750532605576297 0.10064981088977197 0.04349637626886448
8 0.15843706567649857 0.13187500000000002 0.12227288715659451 0.036250000000000004
53 0.14463206228785078 0.37687499999999996 0.13252803253101852 0.04125
55 0.410082556018135 0.36875 0.08598544967786319 0.0375
131 0.1970910751647123 0.7250000000000001 0.09702945238878143 0.0325
87 0.6605447603550302 0.50375 0.05206458420861448 0.04
