8 0.071044921875 0.11501597444089456 0.14208984375 0.026357827476038338
73 0.046142578125 0.5798722044728435 0.09130859375 0.03913738019169329
53 0.078125 0.46246006389776356 0.1484375 0.027156549520766772
63 0.041561535633432276 0.5232871422543068 0.0888671875 0.028753993610223638
43 0.055419921875 0.31809105431309903 0.08349609375 0.03634185303514377
17 0.07927413694846198 0.17032747603833864 0.15478515625 0.02436102236421725
52 0.06396484375 0.37240415335463256 0.0927734375 0.025159744408945688
83 0.11343863284801668 0.636856627713744 0.2326797320210882 0.03434504792332267
100 0.080810546875 0.737020766773163 0.12255859375 0.031419621970472156
91 0.051513671875 0.6871006389776357 0.06005859375 0.042731629392971246
34 0.05859375 0.26916932907348246 0.0703125 0.022364217252396165
25 0.094482421875 0.21845047923322683 0.14013671875 0.04073482428115016
109 0.08642578125 0.7777555910543131 0.1171875 0.03154952076677316
117 0.099609375 0.8206869009584664 0.142578125 0.02156549520766773
125 0.11669921875 0.8634185303514377 0.1630859375 0.04153354632587859
133 0.090576171875 0.9125399361022364 0.10302734375 0.038338658146964855
57 0.1396484375 0.5880591054313099 0.08203125 0.018769968051118212
35 0.153076171875 0.26777156549520764 0.09228515625 0.04033546325878594
92 0.153564453125 0.6952875399361023 0.09228515625 0.022364217252396165
44 0.165283203125 0.3274760383386581 0.10791015625 0.029552715654952075
64 0.19873046875 0.5139776357827476 0.1689453125 0.048722044728434506
9 0.197021484375 0.11381789137380191 0.09716796875 0.019169329073482427
110 0.1875 0.771711671417215 0.068359375 0.03472307193455238
101 0.20263671875 0.737220447284345 0.0888671875 0.019169329073482427
134 0.2060546875 0.9195287539936102 0.091796875 0.0371405750798722
54 0.24755859375 0.46685303514376997 0.1435546875 0.02156549520766773
18 0.24169921875 0.17991214057507987 0.123046875 0.03075079872204473
26 0.2220533373868052 0.22603833865814693 0.09375 0.01837060702875399
118 0.228271484375 0.8258785942492013 0.05908203125 0.022364217252396165
75 0.235107421875 0.5892571884984026 0.07080078125 0.02196485623003195
93 0.279052734375 0.6952875399361023 0.15087890625 0.023961661341853034
36 0.26354267944002974 0.2665199781264805 0.099609375 0.04089823722510968
126 0.29931640625 0.8652156549520766 0.1416015625 0.03314696485623003
111 0.298828125 0.7833466453674122 0.13671875 0.02356230031948882
84 0.28271484375 0.6391773162939297 0.0986328125 0.024361022364217253
45 0.30322265625 0.32068690095846647 0.115234375 0.04313099041533546
102 0.271484375 0.7328274760383386 0.0361328125 0.029552715654952075
10 0.321533203125 0.11042332268370607 0.12255859375 0.024361022364217253
60 0.303466796875 0.5910543130990416 0.06884765625 0.026357827476038338
135 0.342041015625 0.9231230031948882 0.13525390625 0.0371405750798722
119 0.34553180535887756 0.8263534328255645 0.10902962847671153 0.035543130990415304
66 0.34130859375 0.5243610223642172 0.099609375 0.022364217252396165
27 0.34130859375 0.21904952076677317 0.0986328125 0.0347444089456869
103 0.35498046875 0.7440095846645367 0.1083984375 0.0231629392971246
19 0.353271484375 0.17911341853035143 0.07763671875 0.026757188498402557
55 0.364501953125 0.47144568690095845 0.08056640625 0.025159744408945688
37 0.38427734375 0.2759584664536741 0.0947265625 0.02476038338658147
77 0.416748046875 0.5840654952076677 0.14501953125 0.042731629392971246
94 0.405029296875 0.6968849840255591 0.09814453125 0.022364217252396165
85 0.406982421875 0.6443690095846646 0.10107421875 0.028354632587859425
46 0.41064453125 0.3250798722044728 0.080078125 0.03194888178913738
127 0.43017578125 0.8692092651757188 0.1162109375 0.02755591054313099
112 0.457275390625 0.7903354632587859 0.16552734375 0.027955271565495207
28 0.4365234375 0.2246405750798722 0.07421875 0.017172523961661343
20 0.47900390625 0.17951277955271566 0.154296875 0.03394568690095846
11 0.44829981688343223 0.11456788801534779 0.09318564169385125 0.03873801916932906
67 0.4541300634898813 0.5264820304332205 0.10253136803829106 0.030282604972615593
56 0.46240234375 0.47144568690095845 0.0869140625 0.04113418530351438
136 0.470458984375 0.9313099041533547 0.08642578125 0.037539936102236424
104 0.48095703125 0.7458067092651757 0.0888671875 0.02196485623003195
38 0.487060546875 0.2731629392971246 0.08837890625 0.019968051118210862
95 0.49951171875 0.6944888178913738 0.08203125 0.035942492012779555
47 0.50390625 0.32767571884984026 0.08984375 0.02755591054313099
86 0.517822265625 0.632388178913738 0.09814453125 0.0371405750798722
29 0.549560546875 0.22943290734824281 0.11572265625 0.028354632587859425
78 0.530517578125 0.59185303514377 0.07275390625 0.0231629392971246
128 0.560791015625 0.8837859424920128 0.10302734375 0.02156549520766773
57 0.552734375 0.47304313099041534 0.07421875 0.02356230031948882
121 0.5673828125 0.8346645367412141 0.0927734375 0.022364217252396165
68 0.5947119983032243 0.5354944055872325 0.14044240016095785 0.02570824522648173
105 0.572021484375 0.7501996805111821 0.07861328125 0.021166134185303515
12 0.5771484375 0.11501597444089456 0.087890625 0.038338658146964855
39 0.577880859375 0.27496006389776356 0.08642578125 0.021166134185303515
137 0.57373046875 0.935702875399361 0.0625 0.02875399361022364
113 0.58203125 0.7939297124600639 0.0751953125 0.022364217252396165
96 0.59716796875 0.6992811501597445 0.0869140625 0.0231629392971246
21 0.639892578125 0.1757188498402556 0.15576171875 0.03354632587859425
48 0.6220703125 0.32967252396166136 0.109375 0.0371405750798722
79 0.615966796875 0.5902555910543131 0.08447265625 0.022364217252396165
87 0.618896484375 0.6439696485623003 0.07275390625 0.03554313099041533
59 0.671630859375 0.4712460063897764 0.13525390625 0.04552715654952077
138 0.64111328125 0.944888178913738 0.060546875 0.019169329073482427
122 0.671875 0.8302715654952076 0.1123046875 0.03354632587859425
106 0.702392578125 0.7531948881789138 0.16064453125 0.0231629392971246
30 0.65966796875 0.2246405750798722 0.0732421875 0.018769968051118212
42 0.671142578125 0.7945287539936102 0.09130859375 0.02356230031948882
13 0.688232421875 0.12619808306709265 0.11572265625 0.0231629392971246
40 0.701171875 0.27735623003194887 0.1357421875 0.02755591054313099
129 0.671142578125 0.8853833865814696 0.06494140625 0.031150159744408944
80 0.70263671875 0.5916533546325878 0.0869140625 0.021166134185303515
97 0.70166015625 0.696685303514377 0.083984375 0.03554313099041533
88 0.713134765625 0.6375798722044729 0.09716796875 0.03873801916932907
69 0.711181640625 0.5411341853035144 0.07470703125 0.020766773162939296
139 0.7263623656671614 0.9484289238133812 0.09173855710864756 0.03594249201277954
49 0.74658203125 0.3264776357827476 0.099609375 0.03634185303514377
31 0.745361328125 0.22823482428115016 0.08251953125 0.024361022364217253
130 0.75209845326592 0.8970135816332142 0.07901549628659875 0.029153354632587853
22 0.76171875 0.17791533546325877 0.0771484375 0.0371405750798722
115 0.81103515625 0.7929313099041534 0.17578125 0.024361022364217253
123 0.775634765625 0.8378594249201278 0.07861328125 0.029552715654952075
60 0.779052734375 0.48003194888178913 0.06787109375 0.026357827476038338
70 0.782958984375 0.5369408945686901 0.06201171875 0.014776357827476038
81 0.76708984375 0.5910543130990416 0.02734375 0.022364217252396165
98 0.797119140625 0.7018550235527464 0.08154296875 0.042332268370607024
14 0.80712890625 0.12799520766773162 0.0947265625 0.019568690095846646
43 0.8078036987415678 0.6457935253137562 0.0903660279804994 0.0423977520386007
41 0.819091796875 0.2731629392971246 0.09521484375 0.029552715654952075
82 0.845947265625 0.5958466453674122 0.11181640625 0.026357827476038338
32 0.823974609375 0.22743610223642172 0.05419921875 0.02036741214057508
107 0.846923828125 0.7561900958466453 0.09033203125 0.019568690095846646
50 0.8623046875 0.33586261980830673 0.1171875 0.04313099041533546
23 0.8583984375 0.1855031948881789 0.0830078125 0.022763578274760384
61 0.849853515625 0.47823482428115016 0.06298828125 0.021166134185303515
119 0.887939453125 0.849241214057508 0.13427734375 0.025159744408945688
71 0.8561302331021317 0.533346645367412 0.06873488153811347 0.029153354632587853
99 0.917724609375 0.7110623003194888 0.13916015625 0.026757188498402557
33 0.9100989343184027 0.22711221876805715 0.1096809084421459 0.03434504792332267
90 0.897705078125 0.6495607028753991 0.08349609375 0.038420296622669416
16 0.92431640625 0.1319888178913738 0.1279296875 0.02036741214057508
42 0.919921875 0.2805511182108626 0.091796875 0.02356230031948882
141 0.925537109375 0.9638578274760383 0.08544921875 0.02196485623003195
62 0.93994140625 0.48023162939297126 0.10546875 0.032348242811501594
116 0.9375 0.8021166134185304 0.0751953125 0.017971246006389777
24 0.94287109375 0.1878993610223642 0.080078125 0.02196485623003195
108 0.9428134643665677 0.7631301883348364 0.07342887028589586 0.02549582812989089
51 0.95703125 0.33426517571884984 0.068359375 0.02156549520766773
0 0.0855015911337378 0.047862483168803024 0.1498852699385455 0.054509921894157654
1 0.22060225961576008 0.048599103734940294 0.06729542731934696 0.05598316302643219
2 0.3225650282814373 0.05449206826403841 0.08157021493254174 0.05598316302643219
3 0.45307737217350413 0.04933572430107755 0.116237556278872 0.06334936868780482
4 0.5973546898354374 0.0611216533592738 0.08462909799251213 0.0427239928359614
5 0.713082432270981 0.06333151505768561 0.09788425791905009 0.04125075170368688
6 0.86500695758284 0.07217096185133279 0.1223553223988126 0.06187612755553032
7 0.9679893539351739 0.07217096185133279 0.05709915045277921 0.044197233968235945
72 0.938929964865456 0.5362419185178101 0.07239356575263069 0.04125075170368679
131 0.8486929145963317 0.8993958576234821 0.08768798105248239 0.042723992835961455
132 0.9384201510221276 0.9023423398880311 0.0795309595592281 0.04567047510051028
140 0.8318690577664949 0.9583255029144634 0.06831505500600366 0.042723992835961455
120 0.46225402135341503 0.8286802832743047 0.08972723642579597 0.04567047510051045
